0.07876521	0.24963060	2.52794500	0.08419410	0.60165730	2.53762200	0.27809940	0.52296330	2.53347000	0.56485040	0.53587810	2.55547000	0.80263520	0.54086230	2.52954000
0.07878300	0.24956000	2.52815100	0.08426382	0.60113390	2.53733500	0.27791710	0.52287370	2.53366900	0.56417850	0.53613600	2.55557900	0.80205010	0.54020820	2.53057000
0.07877338	0.24953570	2.52839700	0.08445344	0.60109510	2.53777500	0.27773700	0.52300290	2.53384700	0.56381350	0.53588120	2.55581200	0.80169650	0.54039530	2.53068300
0.07856858	0.24950610	2.52869100	0.08375907	0.60071770	2.53782400	0.27768530	0.52306420	2.53413900	0.56490170	0.53642670	2.55600800	0.80281320	0.54031120	2.53069500
0.07812117	0.24932720	2.52913000	0.08318590	0.60068130	2.53831900	0.27758440	0.52304540	2.53447600	0.56389830	0.53582730	2.55607700	0.80182900	0.54086500	2.53110500
0.07787680	0.24927980	2.52945200	0.08251484	0.60012980	2.53953200	0.27755030	0.52299130	2.53504700	0.56392680	0.53589480	2.55616200	0.80188170	0.54087930	2.53115500
0.07785683	0.24914030	2.52967500	0.08257997	0.59986260	2.54014400	0.27739380	0.52288900	2.53519400	0.56318320	0.53625230	2.55635100	0.80117240	0.54081860	2.53139300
0.07780230	0.24929320	2.52987100	0.08285558	0.60025220	2.54050400	0.27728920	0.52292210	2.53537800	0.56470300	0.53653280	2.55674900	0.80274170	0.54096540	2.53223800
0.07769837	0.24921830	2.53003000	0.08264950	0.60036760	2.54042900	0.27718030	0.52287610	2.53563500	0.56467450	0.53610610	2.55703400	0.80273680	0.54123960	2.53276500
0.07769703	0.24934530	2.53022500	0.08307085	0.60063550	2.54071200	0.27734860	0.52284970	2.53598900	0.56586610	0.53584460	2.55760200	0.80391560	0.54188700	2.53288100
0.07772422	0.24921640	2.53048200	0.08315227	0.60104880	2.54093000	0.27726880	0.52269260	2.53619600	0.56536840	0.53599470	2.55768400	0.80349810	0.54130320	2.53376200
0.07760099	0.24951750	2.53057800	0.08335052	0.60143750	2.54080000	0.27771700	0.52262600	2.53694600	0.56202290	0.53524900	2.55779900	0.80017510	0.54131910	2.53434300
0.07772092	0.24956130	2.53090900	0.08392955	0.60210530	2.54130400	0.27767170	0.52263960	2.53698500	0.56097260	0.53450450	2.55802600	0.79915920	0.54141210	2.53559500
0.07776444	0.24961380	2.53103100	0.08419103	0.60246330	2.54149300	0.27773630	0.52254960	2.53726600	0.56288950	0.53500090	2.55857000	0.80109320	0.54133670	2.53561600
0.07771955	0.24967650	2.53128600	0.08389355	0.60262550	2.54231600	0.27791990	0.52253720	2.53804500	0.56284650	0.53486340	2.55864300	0.80117270	0.54008880	2.53798600
0.07787454	0.24941220	2.53165900	0.08414542	0.60262470	2.54331200	0.27767600	0.52251880	2.53831500	0.56294280	0.53449380	2.55900100	0.80127970	0.54016100	2.53836900
0.07812172	0.24938390	2.53208900	0.08499715	0.60322210	2.54403100	0.27779790	0.52257870	2.53872700	0.56320260	0.53429370	2.55934100	0.80156010	0.54025330	2.53893100
0.07816757	0.24943810	2.53244000	0.08507032	0.60314640	2.54424600	0.27800730	0.52242290	2.53890200	0.56501660	0.53358020	2.56012400	0.80333770	0.54057120	2.53861500
0.07825512	0.24956020	2.53254300	0.08520324	0.60311730	2.54428200	0.27802070	0.52245030	2.53896600	0.56502010	0.53349710	2.56010000	0.80336670	0.54055130	2.53874700
0.07836054	0.24949810	2.53270400	0.08523673	0.60305320	2.54479600	0.27819850	0.52224060	2.53927900	0.56499530	0.53340180	2.56018200	0.80336200	0.54053410	2.53881300
0.07833739	0.24932130	2.53314700	0.08458856	0.60255310	2.54559700	0.27812790	0.52220360	2.53954900	0.56406180	0.53283910	2.56019800	0.80244850	0.54048620	2.53931300
0.07840500	0.24947150	2.53332900	0.08476932	0.60305140	2.54602600	0.27830670	0.52228270	2.53971700	0.56370800	0.53247480	2.56049700	0.80212410	0.54032560	2.54016900
0.07847808	0.24948010	2.53352700	0.08497074	0.60322290	2.54618800	0.27834390	0.52227260	2.53985600	0.56271860	0.53178350	2.56080200	0.80115180	0.53983560	2.54065700
0.07868714	0.24936480	2.53397500	0.08492165	0.60331740	2.54655600	0.27834350	0.52207920	2.53997300	0.56156180	0.53164670	2.56111000	0.80004550	0.53922370	2.54170200
0.07880990	0.24932830	2.53416600	0.08505946	0.60356570	2.54673200	0.27827790	0.52194580	2.54008600	0.56132110	0.53118600	2.56143900	0.79981550	0.53908370	2.54225500
0.07924403	0.24908270	2.53438100	0.08519366	0.60338380	2.54670400	0.27828300	0.52162860	2.54022300	0.56267360	0.53004590	2.56181300	0.80121820	0.53718330	2.54304300
0.07963113	0.24922790	2.53463400	0.08528645	0.60361090	2.54679900	0.27829770	0.52157550	2.54036800	0.56334600	0.52989040	2.56189900	0.80195150	0.53572960	2.54354500
0.08011071	0.24925250	2.53490000	0.08604428	0.60405650	2.54727900	0.27844630	0.52132550	2.54047900	0.56368950	0.52920110	2.56232200	0.80232530	0.53453410	2.54399300
0.08024089	0.24921590	2.53516300	0.08600425	0.60401030	2.54761200	0.27864990	0.52102960	2.54068900	0.56341220	0.52838500	2.56243700	0.80206370	0.53387620	2.54417600
0.08022042	0.24919890	2.53529400	0.08561506	0.60393080	2.54769800	0.27862150	0.52085920	2.54073800	0.56239630	0.52740450	2.56244900	0.80108740	0.53182290	2.54427400
0.08050895	0.24911500	2.53547600	0.08567036	0.60391570	2.54773000	0.27864930	0.52072880	2.54079500	0.56224330	0.52680760	2.56249200	0.80094200	0.53166070	2.54436500
0.08057419	0.24919480	2.53550800	0.08561203	0.60390320	2.54773800	0.27899420	0.52069280	2.54109700	0.56248070	0.52606170	2.56248000	0.80119740	0.53069910	2.54423700
0.08050952	0.24922310	2.53562400	0.08563424	0.60387850	2.54779500	0.27907840	0.52060530	2.54119000	0.56220220	0.52567140	2.56243000	0.80094650	0.52996460	2.54456000
0.08069430	0.24958780	2.53584100	0.08648464	0.60481070	2.54826000	0.27953730	0.52040400	2.54149700	0.56214060	0.52532890	2.56234600	0.80089920	0.52985750	2.54478000
0.08072714	0.24957750	2.53604600	0.08756985	0.60482400	2.54870700	0.27957270	0.52039810	2.54150700	0.55979310	0.52443390	2.56202200	0.79855100	0.52979740	2.54488700
0.08083372	0.24958450	2.53613600	0.08758105	0.60490420	2.54874900	0.27980140	0.52035190	2.54165000	0.55921970	0.52407100	2.56197200	0.79798700	0.52908560	2.54435500
0.08105153	0.24958010	2.53619300	0.08914477	0.60460010	2.54878700	0.27983080	0.52030150	2.54167400	0.55844470	0.52387620	2.56202200	0.79722290	0.52877580	2.54437100
0.08108044	0.24946950	2.53629300	0.08870149	0.60429730	2.54877400	0.27982560	0.52002450	2.54164600	0.55820610	0.52366440	2.56194800	0.79699350	0.52843080	2.54413300
0.08102649	0.24942970	2.53630900	0.08835199	0.60401270	2.54878000	0.27979640	0.51998000	2.54162500	0.55807920	0.52349180	2.56192200	0.79687520	0.52834040	2.54420000
0.08104113	0.24935300	2.53636200	0.08832541	0.60391000	2.54872300	0.27992750	0.51959730	2.54170300	0.55783160	0.52345070	2.56182600	0.79664400	0.52779660	2.54400600
0.08080547	0.24941900	2.53627800	0.08833913	0.60395810	2.54871700	0.27990460	0.51956270	2.54164800	0.55761700	0.52299540	2.56181300	0.79642840	0.52724180	2.54337200
0.08070153	0.24933270	2.53629100	0.08817094	0.60384230	2.54849200	0.27991040	0.51954940	2.54164300	0.55555650	0.52222230	2.56096800	0.79437940	0.52699510	2.54341300
0.08050188	0.24938640	2.53625700	0.08800121	0.60378770	2.54822800	0.28011610	0.51943480	2.54159300	0.55517820	0.52181300	2.56061400	0.79400680	0.52666420	2.54317300
0.08042005	0.24955060	2.53613600	0.08855204	0.60384510	2.54770600	0.28012380	0.51940530	2.54152100	0.55537070	0.52131410	2.56040400	0.79420840	0.52611180	2.54319600
0.08057995	0.24960140	2.53608400	0.08906040	0.60391160	2.54780800	0.28013840	0.51940120	2.54126200	0.55425990	0.51958600	2.55938900	0.79309110	0.52505990	2.54260100
0.08089004	0.24963480	2.53597100	0.09111860	0.60378970	2.54720300	0.28032630	0.51897510	2.54079300	0.55482440	0.51909080	2.55924700	0.79366140	0.52365570	2.54130200
0.08143227	0.24989760	2.53562500	0.09248009	0.60372440	2.54632200	0.28072340	0.51858960	2.54049700	0.55575240	0.51821140	2.55874700	0.79458840	0.52272370	2.54046200
0.08148085	0.24996800	2.53559100	0.09281500	0.60366020	2.54599200	0.28110230	0.51861060	2.54059300	0.55563450	0.51745450	2.55840800	0.79447800	0.52165930	2.53995100
0.08166847	0.24993950	2.53545100	0.09263890	0.60309590	2.54532500	0.28136820	0.51830650	2.54035300	0.55777410	0.51588700	2.55743900	0.79661970	0.52020250	2.53878300
0.08216015	0.25011560	2.53507800	0.09327649	0.60322030	2.54486400	0.28177290	0.51815800	2.53988100	0.55829830	0.51528200	2.55683000	0.79714700	0.51853030	2.53715400
