%         	ShoulderCenter  	Spine           	ElbowRight      	ShoulderRight   	KneeRight       	HipRight        	ShoulderRight   	ElbowLeft       	ShoulderLeft    	KneeLeft        	HipLeft         	ShoulderLeft    	
%         	Head            	ShoulderCenter  	WristRight      	ShoulderCenter  	AnkleRight      	HipCenter       	ShoulderLeft    	WristLeft       	ShoulderCenter  	AnkleLeft       	HipCenter       	ShoulderRight   	
%         	Spine           	HipCenter       	ShoulderRight   	ElbowRight      	HipRight        	KneeRight       	ElbowRight      	ShoulderLeft    	ElbowLeft       	HipLeft         	KneeLeft        	ElbowLeft       	
% Time    		Theta (Deg)     	Theta (Deg)     	Theta (Deg)     	Theta (Deg)     	Theta (Deg)     	Theta (Deg)     	Theta (Deg)     	Theta (Deg)     	Theta (Deg)     	Theta (Deg)     	Theta (Deg)     	Theta (Deg)     	
0.00000000	174.550208078975	136.388788670380	170.339679570683	163.862825420189	174.918690907071	131.770725364299	175.368275559782	172.000693783934	156.632553608637	171.015118343302	134.923226616855	176.534083394790	
0.03333334	174.816739651680	136.378842393133	170.511735759503	163.699222808812	174.790121624489	131.731692861332	175.505823275098	172.076023822753	156.234064252564	170.881897238738	135.056713120505	176.521532501793	
0.06666667	175.099249531637	136.394314669967	170.668219664135	163.392446425543	174.824981170951	131.726496367027	175.652033023875	172.202177928042	156.180821112972	170.783449201882	135.055287013140	176.641738450182	
0.10000000	175.229091280504	136.347231552605	170.750409320149	163.481108298502	174.810211712793	131.758530875078	175.693646091963	172.127034219697	156.141172368409	170.810413165196	135.079422862497	176.655842535621	
0.13333330	175.673891553408	136.325240569022	170.865185685262	163.228624613582	174.919857878770	131.694459094200	175.785361237786	172.040270642661	156.009057958983	170.826972885942	135.017016959978	176.623551728909	
0.16666670	175.339339676226	136.403980249823	170.893894536742	163.131630622054	175.160633185618	131.592474893681	175.859058502687	171.477061726312	155.775150213104	170.833735730322	135.074676330486	176.517248175989	
0.20000000	175.339341504957	136.412856892518	170.844132391273	163.040832373142	175.204460429755	131.692940478138	175.868200732013	171.675578290749	155.620660566717	170.936748765413	135.090899469330	176.347492313267	
0.23333330	175.394924862337	136.405593509623	170.649942562107	163.005182710508	174.652860476946	131.741091557606	175.792547060151	171.833425805894	155.521168322007	171.115305679527	134.982337913210	176.533017205787	
0.26666670	175.324958016605	136.412202624645	170.649579650797	162.969918953835	174.942695108260	131.688318479401	175.815192155146	171.958645912233	155.500597324499	171.117819500910	135.031013624052	176.550146197145	
0.30000000	175.166030716922	136.440323563642	170.799799948824	162.692120946420	174.375731836234	131.980464474499	175.982942554306	171.911121986846	155.337764683297	171.304849293191	134.788940098678	176.533421751222	
0.33333330	175.047934700625	136.448325042366	170.612301058897	162.685815886454	174.466896802926	131.904272843190	175.980225969380	171.983743206320	155.354412111968	171.215987411894	134.850274902259	176.571426966719	
0.36666670	174.936867653151	136.458701870548	170.663349582009	162.712798327217	174.689924530471	131.899386926660	175.956337929371	171.916479311593	155.267806606945	171.260672739783	134.827460293667	176.524011764362	
0.40000000	174.982346170118	136.484389747212	170.313899393635	163.737881042746	174.333534763098	131.979807817841	175.190652649982	171.585645634650	155.244155318701	171.289518163424	135.037608366719	176.330881173882	
0.43333330	174.872673094126	136.491190847592	170.081082674332	164.065767179607	174.407274113801	131.930921649971	174.980539804047	171.636973450631	155.322310953423	171.159270592551	135.007226431284	176.359714037637	
0.46666670	174.865817889237	136.483363626756	170.240703319745	163.943511691703	174.505809076337	131.974941853369	175.145628452934	171.631917771539	155.420395408226	171.382871597213	134.879314080878	176.360390637088	
0.50000000	174.460176528250	136.417992706582	170.675650337901	163.705729443255	174.562038880074	132.003686513925	175.590724248508	172.039379779487	155.562593415124	171.337992455172	134.912796377235	176.361705132255	
0.53333340	174.397770076207	136.417121509324	170.790893247611	163.822851697022	174.326703790718	131.847947744052	175.618428858392	172.220403809457	155.455728954320	171.405149175492	134.864896882210	176.357714058426	
0.56666670	174.334707891612	136.394974852561	170.748345614680	164.000954555995	174.387444484192	131.854344956380	175.561212537024	172.345077623383	155.544949834805	171.485214425078	134.915061538330	176.343587676695	
0.60000000	174.307872769387	136.430546900050	170.811987345480	163.868764242727	174.483880241739	131.913670577922	175.681322041057	172.696771911943	155.327223454368	171.449709542017	135.125891233924	176.165136859902	
0.63333330	174.751071942391	136.314315441862	170.940311617604	163.820859163695	174.805992015217	132.011604680060	175.926220408285	172.605059845465	155.388010117772	171.451339792503	134.859122689560	176.180105597220	
0.66666670	174.981514571523	136.327121483561	170.476595593064	164.216619043226	174.690244172578	132.016468291341	175.514396905043	172.803260062575	155.385255483034	171.475496987043	135.070140669746	176.148938464369	
0.70000000	174.550313880545	136.339415719385	170.960842158691	164.169262456912	174.850938281283	131.981733306496	175.790789871350	172.703346571061	155.110466792064	171.412084156000	135.067336836544	175.823323757965	
0.73333330	174.500928639987	136.378894037333	170.874597647098	163.969695324586	174.785240282253	132.021576361747	175.761169834892	172.673078623943	155.054370160788	171.427001933293	135.002634340848	175.819213000206	
0.76666670	174.594363495161	136.368926417951	170.756160920532	163.946524136758	175.040304419023	131.881263532867	175.757309699472	172.599835579069	155.101816408520	171.529113582025	134.967858215354	175.786234453641	
0.80000000	174.570820203101	136.358450247863	170.917283379824	163.875496413293	175.149998308096	131.920011694600	175.882685307891	172.347536213736	155.559524176437	171.427583043709	134.917350946131	175.809219064751	
0.83333330	174.658461886249	136.363882842759	171.042956306401	163.758101995286	175.029658393535	131.925334747360	175.989170822676	172.053004534911	155.413693041199	171.551254218033	134.910920399078	175.817170227822	
0.86666670	174.644774905622	136.352933014629	170.890923268187	163.843230402958	174.997872251206	131.825664036808	175.849972392770	171.029478840645	155.308966521208	171.509206965642	135.000133005058	175.641482700891	
0.90000000	174.525782754418	136.311552165170	170.903759686621	163.823614389114	174.908896548805	132.001294264138	175.827584059753	171.346476499078	155.268032562270	171.527868015620	134.709113379449	175.731583028078	
0.93333330	174.434600981545	136.353089120241	171.028089571588	163.745263751866	174.715882580247	131.968888336634	175.935993697765	172.283899391071	155.173355537014	171.465609918055	134.994556098500	175.797733722574	
0.96666660	174.042417364434	136.376417442729	171.072205260488	163.685586202717	174.624909964795	131.965266090606	175.958893423168	172.426063075070	155.403771906258	171.181189514726	135.035289242699	175.881332290504	
1.00000000	173.948367156986	136.356117559848	170.845631549564	163.761166776167	174.594839693857	131.914818290015	175.911315930292	172.338856756614	155.444541313470	171.149374798476	134.971515176171	175.820919021534	
1.03333300	173.974246946432	136.349732783883	170.875263231637	163.668980688395	174.656356652992	131.879307640074	175.985495058921	172.246277872609	155.539851627941	171.303196113028	134.963139607157	175.983045311199	
1.06666700	173.889524191537	136.376837393060	170.854301079350	163.698325554902	174.665489329319	131.957425856030	175.949271427302	172.089920685286	155.610042005713	171.282630286784	135.018757420878	175.991112058224	
1.10000000	173.466438705806	136.463081039937	171.069440718547	163.478326066682	174.611083873342	131.967413182194	176.103661423109	172.180619761691	155.412871916353	171.176270885108	134.864275780665	176.014323028298	
1.13333300	173.511868615375	136.436121796589	171.228405016032	163.683641656033	174.557374996350	131.966441328707	175.975186200638	172.144749307174	155.423425985871	171.005649201362	134.932604753335	176.034435761556	
1.16666700	173.439342310357	136.428074621309	171.730006371651	163.920051837093	174.801866167660	131.921117272381	175.824308018766	172.139015095950	155.544879216546	171.052573584477	134.912545987427	176.101896115942	
1.20000000	173.513017370991	136.416623325167	171.389154961803	163.749584756397	174.775411391701	131.882212914026	175.961131528341	172.311259788190	155.604467352647	171.015590453996	134.906236849012	176.173182687999	
1.23333300	173.504086099198	136.408512743464	171.315394220952	163.892853310909	175.022340454349	131.855725179293	175.942330851094	172.416135530111	155.565375670602	171.184082243067	134.880426383065	176.170797308128	
1.26666700	173.295363967188	136.394386300257	171.136701802839	164.166199345441	174.983608893684	131.863732285516	175.674759859808	172.002953633192	155.605976092793	171.240902198394	134.863573664380	176.161877037535	
1.30000000	173.228259013849	136.399285332895	170.103925852520	164.642250453381	175.025353193972	131.858226396351	175.126621952894	172.168403000487	155.782841950831	171.267018582770	134.801299887798	176.299067941858	
1.33333300	173.338675969229	136.356588533155	169.978029857579	164.913234012432	174.983522796728	131.950015172589	175.091800614440	172.504536963917	156.145576151256	171.216832732927	134.687988187164	176.352125701400	
1.36666700	173.424212542521	136.321807155962	170.095857912825	164.785679709293	174.685305893394	131.962268747681	175.225086949643	172.406674741447	156.301186692968	171.242082142571	134.638543128708	176.322944993430	
1.40000000	173.483725695394	136.335799783587	169.609869814322	164.822061655127	174.623508606724	131.969357167021	175.155485156714	172.686900508644	156.300349773188	171.261310633354	134.765226974546	176.299255620234	
1.43333300	172.997500659688	136.335369504440	169.798907425081	164.666945701968	174.566559053102	131.990454913250	175.281213473009	172.887937778602	156.435150216657	171.337218546283	134.702769436585	176.303513143880	
1.46666700	173.205171542293	136.243314533394	169.720662709727	164.875424086685	174.681869610520	132.015499915075	175.275822680501	172.744310673265	156.738608665722	171.075128177581	134.924187379926	176.360444656279	
1.50000000	173.107022850914	136.225517690900	169.976524560484	164.645440986265	174.683418701969	132.051679428556	175.478149215511	172.770563575544	156.678986317888	171.092026563310	134.819891247709	176.308217918367	
1.53333300	173.224755486589	136.212534827676	170.338054740432	164.127933850272	174.732553947346	132.039040154745	175.750946463783	172.736353861067	156.448628151071	171.090448137745	134.808633055235	176.278726008564	
1.56666700	173.247923661516	136.214187999468	169.960140042029	164.136808248283	174.537938920592	132.073839951095	175.652675591569	172.325288401227	156.437933736697	171.155490396570	134.778590729287	176.288992861742	
1.60000000	173.423912613590	136.199841734836	169.987637005431	164.099755797429	174.699887853498	132.232744585739	175.535000579021	172.405534188389	156.596326126422	171.097941294053	134.668634522744	176.232344545473	
1.63333300	173.085254708438	136.207729038943	170.027086309429	163.889483668957	174.637163000691	132.308728195475	175.517003993943	172.597342243086	156.623230695544	171.067826202354	134.555179665862	176.175018167811	
1.66666700	173.231317289984	136.146442932170	172.135098137712	162.746228961672	174.930439372769	132.306038602008	176.891299412150	172.610101873459	156.852816295168	171.113587876071	134.468058720744	176.257057517444	
1.70000000	173.024315815426	136.176677715776	170.351632644799	162.895666986190	174.888579159382	132.343160372869	176.577663558994	172.495407787850	156.817476768375	170.820730308591	134.449526263502	176.147326937485	
1.73333300	172.986429100172	136.138168536987	171.819690945173	163.318240859876	174.855498952493	132.342060374395	176.154468286599	171.916112710049	156.783045182354	170.814399094182	134.434164475224	175.821695037425	
1.76666700	173.218155308247	136.157235149954	171.260831356692	163.504614313717	175.023784084764	132.389853772774	175.970582573492	171.892909343895	156.771461095156	170.952389587271	134.632226796710	175.799336129035	
1.80000000	173.352174529184	136.198683650107	170.939292693025	163.752118492486	174.928504799604	132.292082200035	175.753671506313	171.607677618049	156.826262263891	170.940684603796	134.672859398990	175.744628670231	
1.83333300	173.270224412710	136.197145833354	170.890654816655	163.475847443148	175.177332050363	132.164071076305	175.870143902438	171.617687885070	156.871625996046	171.068010441018	134.812056072396	175.744389871972	
1.86666700	173.370774122150	136.168807244486	171.033422527765	163.501462841953	175.124716033619	132.207071289262	175.903669094012	171.567716979524	156.884458664587	170.953757943445	134.792589081754	175.793038702705	
1.90000000	173.191217926343	136.179549674735	171.032489935627	163.694786142557	175.106676360835	131.987614373354	175.784349096558	171.531585633181	156.938181564564	170.993494742999	134.777952108420	175.909937493493	
1.93333300	173.150508110521	136.203981569793	170.542626045657	164.162905972150	174.731823415978	132.004137778910	175.297304025767	171.657327776449	156.901801891423	170.988874182017	134.744202013166	175.858591152004	
1.96666700	173.121371068524	136.180331228013	170.194119985800	164.416971301558	174.700886767194	132.043708123882	175.052189463941	170.815720630753	156.887905171554	170.969328486402	134.728410389252	175.843206821961	
2.00000000	172.979619071374	136.157129819752	171.510751125200	163.573164306288	174.504526428326	132.176101545782	175.991698710443	170.928604063116	156.867166282878	170.876656747912	134.671455183057	175.853662140086	
2.03333300	172.999254046143	136.300824939170	171.538682244220	162.964787803163	174.534222242624	132.169977240956	176.100233402908	171.567169793318	156.806498273354	170.874129731031	134.614523655327	175.840308602543	
2.06666700	172.999882811755	136.322503277282	171.244136069469	162.907746959455	175.049306004445	132.187809139690	175.983799449187	171.520044390513	156.770183188191	170.890301142180	134.582788197143	175.807394203797	
2.10000000	173.362250987603	136.285315909225	171.781190922863	162.814211690041	175.123907111494	132.240659451658	176.384649489934	170.701186394045	156.878215695130	171.082346191347	134.558347152856	175.941046601341	
2.13333300	173.103018457051	136.365630611195	171.483695512417	162.968587586339	174.903462781169	132.342248738532	176.212217799689	171.515584782577	156.530853394448	171.044440249690	134.848840931318	175.872778024492	
2.16666700	172.970917092989	136.341524753879	171.742172660268	163.349226478669	174.955948510579	132.199176551338	176.204423471997	171.501268970203	156.460201046250	171.041719504772	134.838466859496	175.727228060531	
2.20000000	173.041235440423	136.305838318304	171.042162527105	163.873429571948	174.960533300257	132.202703748601	175.792188324238	171.658674819435	156.546509904084	171.044941507516	134.828977527897	175.732320987086	
2.23333300	172.113200827477	136.291436907932	172.430731927356	163.059240887063	174.714195516475	132.291717207889	176.340312427065	171.958086681077	156.912009629944	170.975066902801	134.789025265308	175.670036745794	
2.26666700	172.087026115435	136.324192775385	171.708798016860	163.592879411862	174.756757558702	132.226127507457	175.777844064351	171.784531420810	156.931548083933	170.710212853654	134.723465730842	175.724397153977	
2.30000000	172.169691196462	136.272333608196	172.624506628551	163.132001193287	174.839457785716	132.218047899582	176.387891867051	171.757271896505	156.985817769757	170.695006815407	134.725388503912	175.739043166764	
2.33333300	171.978453454623	136.262590093693	172.684987422582	162.987260242864	174.836750343853	132.185039243171	176.554182027032	171.498644632175	156.984421726041	170.743472987841	134.680672652150	175.684788298843	
2.36666700	171.817218416739	136.234122180352	173.076781544187	162.787430302099	174.999369800831	132.127752323274	176.755151104229	171.591014244090	157.104905877935	171.354932992517	134.537969112902	175.657640623940	
2.40000000	172.043971556686	136.228482763489	172.372904102244	163.444412797640	175.051418367700	132.098783844169	176.255268408562	171.548322462097	157.073101117711	171.370726782395	134.483547651077	175.657620987028	
2.43333300	171.889405608739	136.232552297264	172.581714944438	163.036379451437	175.065141385881	132.108907630406	176.456235429073	171.573312353943	157.010546563834	171.588486651095	134.314585111574	175.600348583355	
2.46666700	172.210503503279	136.198417399783	171.128387169703	164.052383784304	175.281245427214	132.061399209844	175.444452077981	171.775421841209	156.945261360816	172.071780494517	134.162132356977	175.684614924383	
2.50000000	171.975821540235	136.189058305584	170.599526871799	163.877117589991	175.426452878747	132.198789503471	175.357342066879	171.982915672011	157.102161773123	171.994741777741	134.188428521214	175.750447206531	
2.53333300	171.959598755987	136.153185379409	170.818897390018	163.739887558616	175.711352792607	132.272490412291	175.556839567343	172.066957539149	157.261977284287	172.170366120518	134.277114343862	175.825617092685	
2.56666700	172.028274011839	136.124840662688	171.254632890914	163.608141240747	175.455450588721	132.246089881485	175.777982145018	172.119872542262	157.155706001980	171.970024816750	134.312507492332	175.654930328211	
2.60000000	172.109830942258	136.066394788285	171.101491457532	163.867222018709	175.251371265799	132.258070894470	175.760661462563	171.313753566036	157.357288995487	172.044069945763	134.236613157981	175.755046964664	
2.63333300	172.185073384349	136.106966344932	171.473540190892	163.418871800407	175.168143766516	132.368509536701	176.023462266184	171.635234768126	157.250324791613	171.960630323140	134.318326307862	175.701586330615	
2.66666700	172.817602130766	136.079818599226	171.389748952469	163.168066865786	175.115900986848	132.410731589469	176.172049522777	172.154277319854	157.484059919950	171.808458402562	134.441295291348	175.975950266127	
2.70000000	170.532465386796	137.470287007339	174.676650185552	127.294868550231	177.386434694654	127.247227249877	149.232972583833	162.672716218239	171.994339708333	168.120269226764	140.021315935970	151.817455030711	
2.73333300	170.639483500314	137.462914533305	174.844406253544	127.140388639823	177.497685414717	127.190311876073	149.121127676028	162.660020958361	172.166025050877	168.087808762047	140.075426252618	151.903348762263	
2.76666700	171.203767233538	137.426253053498	173.018390559859	127.189889962242	177.566311688658	127.237730525168	149.209267922210	162.847056189842	172.102125294544	168.229789937962	140.017007306080	151.889890088233	
2.80000000	171.376891814180	137.377168151769	173.373964354871	127.330257383782	177.587784705570	127.285364982653	149.300284671841	162.873629900644	172.218644545492	168.193628889993	140.146307762090	151.883471655814	
2.83333300	171.296770268600	137.375384421799	173.340440781836	127.446489379821	177.445768231587	127.318904872108	149.264875812229	162.885966843938	172.096224823558	168.265668824175	140.102392222651	151.999913316414	
2.86666700	171.369125606685	137.368466993563	173.329784659234	127.370213213290	177.452071013697	127.239745473958	149.216501603935	162.760545284862	172.013888026649	168.218780980242	140.044263996337	151.933078704832	
2.90000000	171.149211691553	137.367924568542	173.064683294064	127.131571768395	177.407803170110	127.249438018536	148.785342337852	162.719590922644	172.135753442351	168.196003876453	140.104717595012	151.900361194721	
2.93333300	170.929256602794	137.395163643059	173.628767240955	126.596661033782	177.519067727850	127.209198064594	148.426647880677	162.659337548722	172.195387448245	168.066743701354	140.183405444253	151.915340503504	
2.96666700	170.898930979638	137.474120663690	173.833869047202	126.189619980456	177.540079283094	127.279068401783	148.338935015301	162.978117952363	172.263130604419	168.046771289848	140.103898101206	151.933558383061	
3.00000000	170.768348431189	137.492113634622	173.899042357971	126.072244873279	177.710472455398	127.240589621274	148.253173526459	162.917125838973	172.300350083610	168.082473889639	140.094468110938	151.912115920177	
3.03333300	171.086460824908	137.476343490655	173.828129516355	125.901405058783	177.674886591603	127.169200223224	148.286023700752	162.897790776050	172.464966351494	168.308143592916	140.029838720356	151.909552572943	
3.06666700	170.802669162640	137.481719382259	175.026911025410	125.973942599844	177.550101438974	127.108145814026	148.392610613131	162.884785191920	172.168671601901	168.292892253274	139.986357134041	151.745127210784	
3.10000000	171.120083986492	137.439685665586	173.131228437395	125.975774504790	177.703270823140	127.155091780401	148.369866547410	162.836849496756	172.155847788910	168.256472064468	140.032752102501	151.618200906950	
3.13333300	170.787318120785	137.462387444609	175.249682336451	125.964596819488	177.516004735247	127.313140808297	148.313884017425	162.966805522555	171.551123817967	168.277898996016	140.069539208299	151.139716330044	
3.16666700	170.425183579992	137.500973546200	175.194500399287	125.920588840467	177.320902019756	127.330720969517	148.229798693127	162.806495168666	171.385945251172	168.303313660699	140.106760305106	150.781128940879	
3.20000000	170.125978674187	137.567323632723	172.575619954337	126.119038337625	177.293148685720	127.264874969950	148.450453340794	162.844729774925	171.514574972763	168.073468855526	140.137324105185	150.793468245809	
3.23333300	169.610148107674	137.544772255457	172.781293341955	126.307055751054	177.239413020356	127.223526419021	148.566751366864	162.872179140740	171.354459538311	168.207826752885	140.058892284524	150.632390483124	
3.26666700	169.607403917470	137.537029473433	173.129606893466	126.080312102570	177.125359080641	127.116157487896	148.386931727208	162.974368307143	171.345930093892	168.069469785288	140.103241469482	150.625132348355	
3.30000000	169.467541300748	137.548258665672	173.124056099178	126.131218870338	177.099231575652	127.155984976236	148.481524508203	162.825662844863	171.575209662309	168.373251741326	140.127122161801	150.662537254910	
3.33333300	169.435646990494	137.563508460049	172.974856012079	125.908489039346	177.045543386325	127.116294800004	148.430727679149	162.827038320742	171.733849130102	168.314519462582	140.141083428207	150.694507073748	
3.36666700	169.469042689435	137.569220089865	173.165240393978	125.847080122623	176.045392078603	127.101528812460	148.456604671368	162.721211960506	171.640504875532	168.524672031127	140.030727105673	150.590827725635	
3.40000000	169.499305545945	137.569858639724	173.568783562497	125.764060238141	177.666291997666	127.029149712379	148.485828809137	162.808556726741	171.588647441602	168.451799075625	140.105289473258	150.544633359597	
3.43333300	169.598426856196	137.559978958261	173.816197911651	125.553345487913	177.562391974785	127.060101308188	148.367976229433	162.700938154360	171.673182996111	168.386425929420	140.143057155330	150.596469309255	
3.46666700	169.850116343410	137.350384723900	173.817681634513	125.784529184746	177.539641098746	127.190069532645	148.459771163787	162.687308483706	171.556804766322	168.418337401178	140.155963764740	150.530720955820	
3.50000000	169.951078881805	137.304159224649	174.046403240307	125.966240478536	177.023116971817	127.116447071755	148.440580770617	162.611031268465	171.639340289588	168.370686658924	140.210323251456	150.499797749885	
3.53333300	169.716996174066	137.375997752108	174.154357836040	125.724661212627	177.068371693188	127.391958205590	148.438454776879	162.674159548300	171.834072706103	168.280685448316	140.128155640453	150.502072772194	
3.56666700	170.072562972256	137.385426336359	174.435667266413	125.646332348951	177.098009267565	127.303346322612	148.451722672551	162.943661357594	171.659214922174	168.430866847067	140.076032648776	150.361157316391	
3.60000000	170.038583553400	137.389014517959	174.478394443334	125.543758994617	177.112850852684	127.222820331575	148.305759043338	163.432508147435	170.813546792011	168.554478849929	140.046292374056	149.814217382232	
3.63333300	169.930917413155	137.399824230292	174.440309142321	125.610941087089	177.123825876005	127.227815971070	148.380257047542	163.458957996064	170.924315332013	168.639508771650	140.029109092359	149.925871251792	
3.66666700	170.060487864914	137.378047909766	174.383997743288	125.689423823262	177.201525879693	127.177865849305	148.429644714642	163.498313622170	170.909824706857	168.463957217205	140.130315397150	149.970448753985	
3.70000000	170.121860344201	137.355096905048	174.062958705671	125.532162240772	176.734643544569	127.157540652097	148.415021024757	163.413828572221	170.903302282577	168.337533578723	140.192376947866	149.983620869021	
3.73333300	170.193915479906	137.344435891662	174.145950055386	125.568793861220	176.421263579013	127.061558408750	148.461260797352	163.326587144571	170.908902677351	168.762193024348	140.042480579191	149.980182018767	
3.76666700	170.363435746566	137.357903906039	173.937790292551	125.600279042404	176.290917752548	127.033799049939	148.517616174242	163.252002330848	170.869183266045	168.686633758234	140.037248914080	150.014368396817	
3.80000000	170.262733861686	137.346491317869	174.139690298014	125.750834679117	176.394212949764	127.018894819190	148.487954073673	163.257052385815	170.831019390028	168.825232670221	139.973264085333	150.013412495156	
3.83333300	170.329944925618	137.286883677837	175.752637802808	125.738286597588	176.266474517460	127.116059128567	148.466948290584	163.364092201688	170.714542845407	168.499773600787	140.059856251829	149.965484033317	
3.86666700	170.334690466805	137.309837882981	175.530001727112	125.677263780749	176.122900788640	127.172790823569	148.465894430171	163.457944510934	170.932965736850	168.455557346063	140.077137049538	150.132356033041	
3.90000000	170.428411483178	137.296985097558	175.451910797039	125.649698027690	176.062969516913	127.384682397330	148.431545090660	163.482180248149	171.067162375415	168.501310181785	140.102204389643	150.265049225176	
3.93333300	170.307059794707	137.401102533180	175.026654979685	125.811065574584	176.068796650468	127.395885879491	148.525999263046	163.392642312443	171.295546587305	168.649558951076	140.055927413613	150.562196435049	
3.96666700	170.326602999077	137.405198717682	173.937103269525	125.825838765693	176.343402340050	127.360066336537	148.554872634745	163.140885523752	171.323376204631	168.475903995887	139.903147678151	150.446012281022	
4.00000000	170.241850652547	137.416074605016	175.399308327490	125.782274669953	176.583727538010	127.327221206230	148.485109128834	163.173287727101	171.317709579220	168.292934182715	140.012264861532	150.418385204954	
4.03333300	170.255055449408	137.405752545461	175.336315332127	125.725446128090	176.653180357794	127.366976737890	148.449866509428	163.181241830722	171.273962468689	168.141217023491	140.084127375102	150.396310879706	
4.06666700	170.517786845415	137.390025167504	175.266752427972	125.723172978748	176.459532194579	127.554853071165	148.461765623150	163.390495906340	171.182568613607	168.156275330750	140.033435865217	150.464791264594	
4.10000000	170.241263753677	137.454218488965	174.844338911390	125.744818768100	176.205473038517	127.778086411938	148.614891996387	163.077067549424	171.417339946993	168.251984725328	139.831766852915	150.528679932710	
4.13333300	170.339922197809	137.442427270506	174.658106880922	125.982279701669	176.199258072929	127.796890259891	148.833148039587	163.041764083246	171.434953820541	168.255032984873	139.819288417128	150.608204308078	
4.16666700	170.304340739593	137.430080329165	174.548108465470	126.152297895922	176.126478540628	127.789988378013	148.989918129863	162.913859856408	171.387172182343	168.540107400501	139.731843100408	150.552027319440	
4.20000000	170.220916434215	137.475866912945	176.172782309343	126.111819838228	176.115925169194	127.778639445892	149.112742677513	163.135847267815	171.339809788967	168.553043521892	139.741931710115	150.475133070985	
4.23333300	170.240199707407	137.480525983941	175.040242577124	126.057489856773	176.023165929583	127.529974284699	149.050754407115	163.089562704993	171.243784415702	168.074415848526	139.823581346565	150.394260645858	
4.26666700	170.677129279964	137.501751005567	175.147385893794	126.148856119574	176.123001788574	127.530881030268	149.123441707254	163.095014709765	171.375347471583	168.045817636719	139.972770230560	150.467434545379	
4.30000000	170.686912563395	137.524677762276	172.655944508009	126.230047707545	176.448599434686	127.437295668790	149.215654240277	163.050304154089	171.379154216130	168.181962799587	140.024059081120	150.452411382822	
4.33333300	170.761778257933	137.534590826509	173.288776818281	126.236477685098	176.330203525230	127.453979209739	149.170290868348	162.942422355755	171.357594650944	168.153169281153	140.150255841443	150.476925760962	
4.36666700	170.625037959154	137.559930168893	173.381430355984	126.153342696727	176.253041656613	127.395433941805	149.075859093392	162.894241469447	171.410733524929	168.076707962565	140.169018506864	150.512929854323	
4.40000000	170.602009613759	137.559676976853	172.983460254494	126.199872256350	176.405839131478	127.372367191241	149.049141408808	163.002297473425	171.472539531474	168.124207067288	140.197416260008	150.582257304479	
4.43333300	170.490105519748	137.657821257937	173.238365978918	126.038373739154	176.282464399880	127.376593371667	149.088518714024	163.032587810667	171.459894421383	168.129058499775	140.129967384264	150.579473316618	
4.46666700	170.258311438996	137.737785232628	174.641597222860	125.912412637928	176.314274006148	127.284716234933	149.101674887099	163.055292706250	171.612014153611	168.122397117513	140.063460401439	150.495760577557	
4.50000000	169.975262159482	137.795252223717	174.625953825887	126.223103267704	176.409859386461	127.066654035581	149.182024414646	162.891349717006	171.713618677410	168.204807458976	140.199001325609	150.488491718855	
4.53333300	170.125087078623	137.812499895249	173.997832641369	126.185428799344	176.727861819468	126.953622473376	149.163496785032	162.794878473948	171.773531439869	168.389079877517	140.169994618177	150.507446096019	
4.56666700	170.022769831268	137.824394312942	174.165816805112	126.327799618645	176.495756113703	127.136170470182	149.311047770808	162.807713036626	171.795895295807	168.441243886725	140.157530280476	150.505799262015	
4.60000000	170.167385886644	137.837131049532	171.903189740675	126.193778878458	176.605027259542	127.023280568371	149.214531764129	162.893484150834	171.915741184436	168.350174903123	140.222826598998	150.537491652162	
4.63333300	170.206133323961	137.801883247981	174.695536172112	126.393416492622	176.576717078899	127.035894076518	149.403656565693	162.890271645752	171.812871197319	168.371777182108	140.309321539158	150.475522683535	
4.66666700	170.393270466025	137.744318928098	174.650948538219	126.509522363350	176.679239875858	127.073181587691	149.519781012617	162.942215695503	171.699277275092	168.050769774918	140.416900784464	150.426564500337	
4.70000000	170.361216926662	137.749133534473	174.640108453132	126.456263475033	176.748763371237	127.073252468928	149.470443091964	162.700859810079	171.694646477735	167.949466307035	140.454830036761	150.335194205056	
4.73333300	170.423205859127	137.725931547576	174.396774952825	126.412910112490	176.806933568027	126.991334572822	149.430970145312	162.708450782624	171.588005913931	168.542774813869	140.238192519043	150.302360098223	
4.76666700	170.391474963477	137.714426505974	174.113317184398	126.465959334809	176.458004891852	126.971762890853	149.413534142671	162.737200640119	171.612261592463	168.416806347007	140.241262372188	150.352325959258	
4.80000000	170.296391745189	137.708822950138	172.221066094176	127.377114441280	176.899806270295	127.002660057722	150.261415340711	162.616498642231	171.543063042759	168.640017286692	140.157490018116	150.296584944472	
4.83333300	170.209293199370	137.694552225961	172.811584478263	126.962944773929	176.889893846869	126.916698053670	149.829804586564	162.545009502898	171.594614449520	168.597969605075	140.205976797132	150.340926740381	
4.86666700	170.280483238571	137.707900203920	175.075721585622	126.513688194861	177.513879028344	126.994836181809	149.421009490417	162.570792901984	171.587761060163	168.637988146705	140.157808793369	150.337086621402	
4.90000000	170.243451605759	137.627086064538	174.632356130021	126.836575708876	177.629833203102	126.684408593333	149.427358574054	162.629903436894	171.496414744130	168.622225701624	140.235793911771	150.425352765032	
4.93333300	170.179998930704	137.632019132583	174.610855505152	126.805615107062	177.540090290699	126.827573987725	149.370373253787	162.657827155772	171.489347698417	168.727527800189	140.131640470401	150.423219629864	
4.96666700	170.327106183247	137.615162593953	173.243325317181	126.730702405562	177.415631620216	126.798730109686	149.310371613335	162.683056157272	171.524832656399	168.777383061999	140.095429623388	150.409547953631	
5.00000000	169.831678337428	137.642317743936	175.813320297755	126.899619315761	177.259001727339	126.936760417998	149.381528530729	162.661669491297	171.681303675231	168.856065201570	140.005202556153	150.464904232568	
5.03333300	169.852419702036	137.644851013776	175.086613808952	127.091863692313	177.266588111093	126.950010310250	149.609028243906	162.605202383777	171.668361801077	168.894701332299	139.973417242638	150.535468301674	
5.06666700	169.821376520161	137.637051197895	173.926602584014	127.226452163545	177.432575740722	126.966517685173	149.615956304461	162.641242950578	171.656903399193	169.043483880258	140.041604435787	150.551277494537	
5.10000000	170.017464971571	137.608508337114	174.080417622244	127.150449967474	177.133966287953	126.910653085359	149.668047359958	162.632419035182	171.722485667185	168.729403737469	140.067159963278	150.654433970775	
5.13333300	173.576837636463	136.860270209618	175.834577072121	153.934775030065	174.950179958074	137.248830481761	138.090302888881	172.237471520045	130.417013250318	172.827223337366	129.966108939726	152.371677892984	
5.16666700	173.581980446968	136.877469792498	175.893987874576	154.035378085418	174.954584159212	137.324218313067	138.199441671213	175.333356259407	130.489152948389	172.891356882180	129.899608861441	152.454242787216	
5.20000000	172.555122299337	137.113656633192	175.843177783500	154.437790224939	174.910351369693	137.306989717087	138.071641814052	175.210000691693	130.677989771431	172.859989584585	129.935881954350	152.428037833635	
5.23333300	172.697836318807	137.066550423388	175.894530207090	154.430689002017	174.760085763724	137.382920825120	138.072891706696	175.176041517128	130.609166545666	172.854397504246	129.954912853338	152.254531376226	
5.26666700	172.767839840557	137.033153037039	175.908449401714	154.471422455896	174.814986281700	137.425644690988	138.112826617325	175.249354354915	130.597535430400	172.412077192882	130.215222407700	152.285865379414	
5.30000000	172.813473704128	137.038659658944	175.803235801782	154.490185494325	174.286849759788	137.270755468159	138.111578787532	175.314468651224	130.624218121620	172.386518234411	130.093036946632	152.293461556855	
5.33333300	172.608450773437	136.944283649091	175.934777473202	154.671363019853	174.117734464444	137.266251724862	138.278782021205	175.298928417319	130.392894994720	172.525580747296	130.127840446460	152.333741127703	
5.36666700	172.801642199479	136.992495069551	176.274765120890	154.938850841474	173.908154798249	137.222847465848	138.478964354587	175.290279915139	130.436433917487	172.291854057682	130.020631582172	152.348789279052	
5.40000000	172.918007245239	137.012369685877	176.423621662025	155.092976802943	173.989767037708	137.214929873315	138.525227518520	175.123314667269	130.303794392301	172.323758185428	129.976022750072	152.315030954982	
5.43333300	172.582568385450	136.941080044907	176.487532943677	155.030394774629	173.896491123075	137.188009657657	138.573625063369	175.075842268816	129.997624821458	171.815588227961	130.296031555830	152.412443421920	
5.46666700	172.949865181123	136.936036599088	176.497194043532	154.939298207296	174.190279021492	137.274263174361	138.582266447321	174.935895394816	130.032153864166	171.918050693551	130.345348835016	152.451569236566	
5.50000000	172.954810285454	136.815785327437	176.434626566367	154.238424954717	174.725712153249	137.157938746553	138.459893274232	174.676926032488	130.274026487024	172.328719043433	130.299031672548	152.341563268675	
5.53333300	173.269002425233	136.854864347070	176.338006563392	154.067320736468	174.449918090480	137.236690468967	138.060834385722	174.530856415221	130.269751689190	172.288767845330	130.256202472763	152.286570906447	
5.56666700	173.158628106165	136.837071107945	176.186035265858	154.047923922957	174.841821782830	137.011184940423	138.059158653411	173.199199803439	130.113423198969	171.947982309458	130.705472049458	152.237709526483	
5.60000000	173.178559881281	136.834596397500	175.524776888319	153.688704971582	174.772306097936	137.001180123605	137.769170748547	172.230069650447	130.123959504481	171.960810813745	130.431785782746	152.329285920895	
5.63333300	173.129489382953	136.849715109360	175.472305538118	153.665468642348	174.784097475824	136.977604189201	137.726551276939	171.974344856403	130.068327120707	172.168580041007	130.270964007627	152.340223889587	
5.66666700	173.037867024396	136.864039364647	175.573312377762	153.583515955529	174.837088482289	136.895439138416	137.766650897406	171.710787728131	130.056170151740	172.213404489540	130.270305871927	152.411508498656	
5.70000000	173.120692060007	136.880326222646	175.510829840897	153.736769523481	175.702814360728	136.899909622520	137.858160411998	171.680752588610	130.048506803964	172.131862961344	130.390273464131	152.438735881349	
5.73333300	172.891631053042	136.927572526156	175.614428026337	154.012884682767	175.656218961288	136.716468841550	137.904612856658	172.022896956779	129.876129230337	172.263497189506	130.460964168816	152.463152627582	
5.76666700	172.561142099617	136.861576356016	175.694123586307	154.073620456271	175.378806629151	137.055168020590	138.159889210818	172.311623732964	130.217001102583	172.336641069659	130.485573487088	152.428767949241	
5.80000000	172.949958155514	136.954034310874	175.649950794715	154.351368312808	175.329618606645	137.094444286307	138.151798331136	172.052542257384	130.246843307787	172.213151740031	130.375862930135	152.409958292704	
5.83333300	173.165211878821	136.936701155675	175.642849542556	154.347382129874	174.569295554908	137.156655636287	138.173305840460	172.180375417541	130.336693030919	172.103426088633	130.179292660528	152.494598253623	
5.86666700	173.267221564592	136.928429847092	175.705203875712	154.410752419245	174.652954696840	137.047162840387	138.251877632443	171.972071050014	130.357521026059	172.253125937849	130.169867028367	152.388072542998	
5.90000000	173.323925799778	136.889919808394	175.734570891105	154.257081468042	174.464198898611	137.230897910957	138.262757725335	171.765177646750	130.643059665934	172.273719417493	130.167029597924	152.356439900765	
5.93333300	173.118260810573	136.944602772916	175.832624134127	154.389095338271	174.601329097143	137.415531747914	138.354852792275	173.435995241833	130.609773140253	172.208343018033	130.210668905046	152.417340844438	
5.96666700	173.412838942222	136.904949220147	176.142782493014	154.393373788490	174.438000882894	137.573595127251	138.539885882024	172.131364413647	130.686736070018	172.187718244526	130.117038609011	152.417540066039	
6.00000000	173.667964783488	136.851909234991	176.139045662036	154.280015932678	174.153256639850	137.723442175531	138.579427525013	172.045883139093	130.882608525927	172.277078015472	129.967748855492	152.377357359382	
6.03333300	173.439749964733	136.819303966779	176.063060203210	154.309479319615	173.923720783860	137.786010051231	138.579942920926	171.987206983952	130.921019776570	172.191858740455	129.700269092018	152.270030984675	
6.06666700	173.224407996211	136.774267300019	176.056738830793	154.030425313546	173.692109606219	137.655642246008	138.633502381688	171.927670959290	131.084732415865	172.388964442842	129.637276201009	152.289536499372	
6.10000000	173.091072289697	136.732569301295	176.118986920998	153.894886691408	173.735590502344	137.531252439411	138.727426910411	172.037276804793	131.143455101042	172.352445465848	129.747195651243	152.273200067088	
6.13333300	173.330979275836	136.698522561885	176.301016488370	153.581030142308	173.529639121749	137.820901195056	138.668814666707	173.300432200318	131.240468038720	172.314847422565	129.749588857191	152.260773255813	
6.16666700	173.465769223927	136.622621419998	176.189224535158	153.514386329099	173.475999775977	137.938206901964	138.614398158708	171.817723926588	131.226409061890	172.650040829161	129.493793910796	152.242341050767	
6.20000000	173.520681268893	136.750562352744	176.405092497837	153.617816144254	173.571933300896	138.010556392695	138.651776976659	171.847612373561	131.045501736743	172.423500899797	129.626695693081	152.238906965592	
6.23333300	172.655461299349	136.756474930609	176.331268287241	153.812455614254	173.466285352511	137.736099016853	138.666949916917	172.145019455425	130.922871579096	172.403141942585	129.664289009899	152.263687142704	
6.26666700	172.729448063075	136.739608510355	176.367911608102	153.801749438882	173.591015887894	137.505389493347	138.779892943595	172.084540115682	131.050767870809	172.519448869263	129.762789298924	152.329037463011	
6.30000000	172.784180291768	136.721074689249	176.367827070977	153.648864771423	173.839889021404	137.436334254581	138.662496977263	172.447296801974	131.031204977991	172.277669401518	129.789735797561	152.395384593021	
6.33333300	172.867953467626	136.700512044670	176.380133957796	153.980094293549	173.486049961966	137.711985383961	138.975507605705	172.253044936862	131.161509114550	172.331567754985	129.574650708689	152.395582125266	
6.36666700	172.922341605601	136.659210626672	176.085897955000	153.841214149128	173.651688206805	137.445345801720	138.875713707303	171.984053524930	131.132981626238	172.282095264806	129.730068458618	152.418840490200	
6.40000000	173.057816244545	136.649765247614	176.054989219098	153.829250360908	173.690319178906	137.459524288040	138.847938161365	172.210582271844	130.944935326257	172.284225026580	129.704186950574	152.420332332352	
6.43333300	173.088412367214	136.659917255384	176.181750357158	153.828408197438	173.698626907499	137.290457135188	138.947790560627	171.960086349260	131.007790790451	172.510640688794	129.810661743831	152.361819083025	
6.46666700	172.926272066923	136.666465030721	176.262477920224	153.943484109726	173.585813527423	137.128240130023	139.041442256556	172.119449064205	131.058985970410	172.566060149683	129.689203631297	152.431866056758	
6.50000000	172.726545323259	136.649674313890	176.145920120407	153.819219307562	173.589573630952	137.211302757360	138.971445838663	173.640035004379	131.027936431221	172.320100565508	129.898139110554	152.334654687726	
6.53333300	172.843539196654	136.637870561301	176.092697175642	153.699244755049	173.615131403648	137.330791938181	138.929423413667	171.220489019510	131.062318501728	172.374772766805	129.912372729091	152.355433059101	
6.56666700	173.017642411510	136.604527124756	176.082002731460	153.567585676946	173.656720744505	137.299776181220	138.858654012274	171.279332334347	131.011637683418	172.342697007924	129.965530726044	152.354907383931	
6.60000000	173.076709573517	136.602617228562	176.144001015137	153.585428734476	173.560073103636	137.090346637213	138.883683741966	171.741432971012	130.967351953222	172.452867964263	130.108562584229	152.376635819533	
6.63333300	173.119100822459	136.584201023434	176.126957196834	153.406707106236	173.534934199811	136.972443981731	138.757831921504	171.801350927298	130.944553828311	172.376992323693	130.243902648730	152.374993347182	
6.66666700	173.363349528132	136.566323394690	176.539192889531	153.484742555878	173.548109534347	137.110208278468	138.829377031179	174.686962792703	130.692614531073	172.319715804516	130.138604561824	152.305454287951	
6.70000000	173.101282060013	136.599435589793	176.542544981595	153.519062019479	173.518818468913	137.216693909691	138.829068079422	172.953095654120	130.830461841078	172.269698387701	129.992586516103	152.287870743517	
6.73333300	172.546452609736	136.661679561106	176.540057675949	153.592836715596	173.126832217380	137.064934167322	138.817944553115	173.021354286951	131.088190874788	172.305243375892	130.085550490860	152.404587940656	
6.76666700	172.700368082008	136.642931641161	176.554298501239	153.440848040387	172.970176636820	137.000159260045	138.752761486655	173.435361935738	131.096334172624	172.114222448069	130.093007165052	152.349677042540	
6.80000000	172.703285079465	136.616547698232	176.588923312149	153.429388153342	173.353790562956	136.931287006183	138.770554166465	173.396120477089	131.190068101766	172.069412145486	130.327732701484	152.398560601247	
6.83333300	172.610951837475	136.606254920687	176.729335950372	153.145490262998	173.443333089253	136.841885981077	138.555146313039	173.651352158869	131.129225366953	172.120653452066	130.465136760708	152.397464111377	
6.86666700	172.727205486528	136.617089193993	176.366234097261	153.045974240528	173.357221394059	136.864950257602	138.382575895884	170.832798891972	131.081541234608	172.124978030046	130.403484461322	152.370542357765	
6.90000000	172.251088344312	136.670171218897	176.386063728898	153.253600955805	173.390091055277	136.702342930356	138.384198510603	173.052063382181	131.026396836505	172.214039384476	130.457785244637	152.375597948390	
6.93333300	172.472390477886	136.669209660214	176.399949987241	153.213108257850	173.472759529385	136.440632757568	138.456721325052	173.222686582790	131.152195147834	172.351195889121	130.397273952078	152.448444875906	
6.96666700	172.433670096579	136.667515910960	176.432935499704	153.201226045890	174.160687309799	136.393038651282	138.547977094493	173.456998283565	131.232853373941	172.712170050803	130.536572362589	152.474397671448	
7.00000000	172.255224514522	136.732806120175	176.566264830258	153.360722774853	174.014143618405	136.676751661950	138.605534946552	174.145758519304	131.209915685955	172.663841423798	130.520127641873	152.462787125897	
7.03333300	172.280344209575	136.676587212963	176.669086336327	153.243979931882	174.220943155859	136.650841056216	138.609438724603	173.672909651073	131.531616682456	172.667833874663	130.533362049092	152.523307910637	
7.06666700	172.355861404022	136.601364066123	176.633360484707	152.793886887012	174.261241082242	136.660090484098	138.364284758897	173.407908180277	131.652104796782	172.638410884050	130.544292530607	152.487506184824	
7.10000000	172.426297996180	136.622797734788	176.719778523753	153.093870835206	174.341936226355	136.653864751717	138.414835338725	173.147783997114	131.587177798171	172.278748274397	130.605373620694	152.626482980272	
7.13333300	172.427123473467	136.643698130182	176.583421083805	152.783784162031	174.287053756857	136.891472153510	138.222279229451	173.021477863103	131.642035000389	172.020046324615	130.773728561025	152.624349115854	
7.16666700	172.569922688358	136.643016633940	176.476204212096	152.749664210064	174.124252004571	136.928419160840	138.191276722897	174.141416510716	131.588633151836	172.001947360051	130.772942899287	152.578348251977	
7.20000000	172.524183654515	136.678991197349	176.551252043642	152.850958420605	174.219947148100	136.608250797773	138.274780332953	173.026038909537	131.624956590175	171.994074212126	131.088843015867	152.624476320312	
7.23333300	171.748779554575	136.701303018607	176.371387839594	152.933804897009	174.270522003811	136.566699305041	138.349696536021	174.695982242610	131.783104944911	171.987103475106	131.200092133577	152.691465298299	
7.26666700	171.460169211280	136.785709836327	176.311900719247	153.218413705797	174.338649717958	136.530342197426	138.323046653929	174.778083292175	131.534779996664	172.150201226769	131.187768864460	152.650849241258	
7.30000000	171.444857702624	136.827701808620	176.425889017018	153.251668679076	174.137998338293	136.764054570599	138.375980860399	174.811157607984	131.561533991699	172.234967032077	130.895265282085	152.702536555781	
7.33333300	171.526970876549	136.772462024365	176.368264542464	152.922677703799	174.173573523512	136.722252993380	138.306730564569	174.771377092776	131.730624830186	172.267760817284	131.133864568032	152.636589612167	
7.36666700	171.522877364018	136.799698502474	176.312204653305	153.073586972633	174.369472289698	136.686380231551	138.263865675276	174.815677765066	131.754424477392	172.260224357241	131.188733702136	152.683738763608	
7.40000000	171.551666253792	136.788612845748	176.274208823742	153.080208015029	174.421018475934	136.676163669373	138.267390863724	174.998349414228	131.796425508407	172.284050562423	131.139754654506	152.702121004809	
7.43333300	171.539138505849	136.789945975352	176.044647862494	153.069668341083	174.592187110368	136.512564872336	138.188681968323	174.968485790030	131.749101570005	172.158027378362	131.242016545881	152.690701789289	
7.46666700	171.761880310870	136.791485226471	176.031530051192	153.025651223162	174.490386281946	136.505091008066	138.057293749514	171.098885859316	131.454592108820	172.200311563987	131.111119463971	152.697490809334	
7.50000000	171.362192615304	136.814318251269	176.199830288471	153.221292463211	174.428148099479	136.523052789470	138.140989367086	173.793644299111	131.416188678518	172.356238876790	130.941881119160	152.692564778159	
7.53333300	170.608796577318	136.823689702176	176.377622847907	153.286896408709	174.564616219796	136.523904836906	138.235561817770	173.876024655338	131.466956620801	172.383330021363	131.058440115915	152.714833103186	
7.56666700	170.859483653310	136.795817310166	176.485419170114	153.293826692703	174.412070625533	136.516915162023	138.249528670620	174.044882873390	131.356494393965	172.356247154177	131.065427356660	152.714827082321	
7.60000000	170.737707883925	136.778048825120	176.365394208662	153.415040819459	174.312088481361	136.492253951881	138.308920097017	174.342420287318	131.400611682569	172.348678470999	131.155529892714	152.754581807171	
7.63333300	171.042867285219	136.703179687671	176.584065253595	153.154148696148	174.230910559779	136.784166117790	138.419015599646	174.885541419836	131.726695238243	172.624567334551	130.974236005875	152.739396308826	
7.66666700	171.213992936710	136.723327383542	176.711297732868	153.326314460750	174.183236262395	136.591711044578	138.624399607903	174.830628270835	131.763479812757	172.559678061405	131.056001501890	152.807745463177	
7.70000000	170.740733113706	136.744507751932	176.720540489947	153.364774162246	174.218562793219	136.296576431346	138.580964883923	174.740802946363	131.441854781080	172.533738723293	131.221552987737	152.874438036582	
7.73333300	170.930688891319	136.795713260455	176.699107011168	153.639254249168	174.097976407622	136.365878812381	138.589870377535	174.546892308513	131.176297058290	172.414443484209	131.253599032602	152.834854634840	
7.76666700	171.601464168208	136.827987570561	176.774698832616	153.777366010660	174.012407768619	136.606115814199	138.599540907876	174.614524679680	131.188635748341	172.322620583388	131.073586737150	152.862070078004	
7.80000000	171.754189951286	136.794318228552	176.722844259391	153.654137892074	174.196786892339	136.704146766276	138.556255873939	174.705937912816	131.215466934121	172.309880803475	130.819865114901	152.828013054426	
7.83333300	171.805640425100	136.806159359153	176.775199557305	153.708042230757	174.383176489616	137.017236307562	138.629043382349	174.389970513487	131.265621360695	172.233348679502	130.875934994795	152.836218636127	
7.86666700	172.124462400049	136.843155719817	176.699217141158	153.914904420023	175.133683787640	136.934977334480	138.693858834379	174.299646034991	131.296908999392	172.101783176791	130.843291438151	152.959378466662	
7.90000000	172.350504269142	136.900604684490	176.667576584490	154.367380371761	175.200711537267	136.988519472078	138.745780052180	174.288598307478	131.277194093180	172.092585274458	130.704929029634	152.999626507550	
7.93333300	172.434728253615	136.865616373634	176.624570978579	154.283578023031	175.523262705195	136.965051041516	138.742039056710	174.422801105282	131.387117824560	171.989064877273	130.698261589372	153.038343792756	
7.96666700	172.346521606448	136.813899642090	176.522979917108	154.270007188639	175.427581132467	136.869370298030	138.708164213790	174.526793782002	131.584469758971	172.027911221333	130.693472743728	153.035648617883	
8.00000000	172.289599168677	136.805854107736	176.481528058958	154.136024057812	175.006770798208	136.874925738964	138.644976302948	173.038516282430	131.596895717677	172.088644570885	130.595916761164	153.035445971505	
