0.00000000	0.07886920	0.24926010	2.52273100	0.08423682	0.60303490	2.53174300	0.27783220	0.52394010	2.52679400	0.56321070	0.53459860	2.54300300	0.80068710	0.54036100	2.52402900
0.03333334	0.07889975	0.24925280	2.52289400	0.08418299	0.60299690	2.53174500	0.27778610	0.52397740	2.52693300	0.56323680	0.53475500	2.54332400	0.80075260	0.54037330	2.52481200
0.06666667	0.07884047	0.24929550	2.52308300	0.08401506	0.60272620	2.53183300	0.27799430	0.52391480	2.52722600	0.56249740	0.53485890	2.54483000	0.80001620	0.54017670	2.52500700
0.10000000	0.07873917	0.24932950	2.52322900	0.08349495	0.60241170	2.53172300	0.27808860	0.52417590	2.52775600	0.56130970	0.53439030	2.54658600	0.79877940	0.54060110	2.52499900
0.13333330	0.07868371	0.24928000	2.52348800	0.08359485	0.60224990	2.53191800	0.27826640	0.52427320	2.52855300	0.56142530	0.53463650	2.54701300	0.79891900	0.54033550	2.52506000
0.16666670	0.07863635	0.24933600	2.52363700	0.08360817	0.60200070	2.53188200	0.27827350	0.52419080	2.52914100	0.56156630	0.53479920	2.54741100	0.79908980	0.53998940	2.52531400
0.20000000	0.07865436	0.24925480	2.52385600	0.08359849	0.60180630	2.53209700	0.27831850	0.52410540	2.52926900	0.56136290	0.53445770	2.54800500	0.79887600	0.54052510	2.52554600
0.23333330	0.07871937	0.24933140	2.52401900	0.08347311	0.60183130	2.53207600	0.27841090	0.52399980	2.52960700	0.56186720	0.53465640	2.54851200	0.79937830	0.54099440	2.52555700
0.26666670	0.07884066	0.24927200	2.52412500	0.08313628	0.60142810	2.53172600	0.27845670	0.52392450	2.52958700	0.56135620	0.53450260	2.54926200	0.79884960	0.54096670	2.52538900
0.30000000	0.07902187	0.24920850	2.52438400	0.08443230	0.60135480	2.53252600	0.27851670	0.52385720	2.52985200	0.56199440	0.53436310	2.54965900	0.79951600	0.54098380	2.52600900
0.33333330	0.07893416	0.24925940	2.52449100	0.08411743	0.60185720	2.53251200	0.27882770	0.52363100	2.53022400	0.56233050	0.53454670	2.54977900	0.79989190	0.54090020	2.52635200
0.36666670	0.07920104	0.24938640	2.52518300	0.08655852	0.60424100	2.53540600	0.27890580	0.52362210	2.53058000	0.56219850	0.53480060	2.55005100	0.79980020	0.54078530	2.52683200
0.40000000	0.07917825	0.24922080	2.52545500	0.08648331	0.60415730	2.53548900	0.27865590	0.52355690	2.53037300	0.56219200	0.53482600	2.55019700	0.79981650	0.54068780	2.52691500
0.43333330	0.07913288	0.24928260	2.52561900	0.08548559	0.60330920	2.53557500	0.27857070	0.52359340	2.53046700	0.56249350	0.53489320	2.55048100	0.80013440	0.54064360	2.52701400
0.46666670	0.07940879	0.24946970	2.52604100	0.08553378	0.60362480	2.53582900	0.27860330	0.52367850	2.53060700	0.56169100	0.53462950	2.55091100	0.79932250	0.54066200	2.52691700
0.50000000	0.07940007	0.24949490	2.52617400	0.08589137	0.60351030	2.53569700	0.27865110	0.52358980	2.53075900	0.56122220	0.53434770	2.55138300	0.79885230	0.54065200	2.52708700
0.53333340	0.07941640	0.24954350	2.52622200	0.08571064	0.60284500	2.53498700	0.27858580	0.52357070	2.53076000	0.56057920	0.53405840	2.55204600	0.79820330	0.54105910	2.52767300
0.56666670	0.07939852	0.24963470	2.52636900	0.08572893	0.60270390	2.53495300	0.27858250	0.52372000	2.53121300	0.56070540	0.53432210	2.55222000	0.79835190	0.54103090	2.52778100
0.60000000	0.07944403	0.24956490	2.52655900	0.08528276	0.60255460	2.53514400	0.27848130	0.52359250	2.53136200	0.56032900	0.53407770	2.55241000	0.79798820	0.54112580	2.52809700
0.63333330	0.07939268	0.24951340	2.52672900	0.08548369	0.60267340	2.53586200	0.27838620	0.52355370	2.53161900	0.56044040	0.53420230	2.55238700	0.79813320	0.54116950	2.52840300
0.66666670	0.07925043	0.24956370	2.52694200	0.08503076	0.60256730	2.53593800	0.27830590	0.52340320	2.53179800	0.56069740	0.53450240	2.55270000	0.79841220	0.54108720	2.52857000
0.70000000	0.07919580	0.24941720	2.52726000	0.08504303	0.60232400	2.53624400	0.27817180	0.52302620	2.53230900	0.56086750	0.53502080	2.55316200	0.79859110	0.54094020	2.52840900
0.73333330	0.07893021	0.24930320	2.52748700	0.08448394	0.60141520	2.53673000	0.27802900	0.52296140	2.53244600	0.56069930	0.53488930	2.55406200	0.79840330	0.54102890	2.52859500
0.76666670	0.07892216	0.24936280	2.52768300	0.08466631	0.60131260	2.53732700	0.27811810	0.52298970	2.53296900	0.56359350	0.53539330	2.55475800	0.80133340	0.54067780	2.52912300
0.80000000	0.07885089	0.24949700	2.52782000	0.08450146	0.60150020	2.53761100	0.27823310	0.52296950	2.53333200	0.56482650	0.53567830	2.55533900	0.80258460	0.54092840	2.52953000
0.83333330	0.07876521	0.24963060	2.52794500	0.08419410	0.60165730	2.53762200	0.27809940	0.52296330	2.53347000	0.56485040	0.53587810	2.55547000	0.80263520	0.54086230	2.52954000
0.86666670	0.07878300	0.24956000	2.52815100	0.08426382	0.60113390	2.53733500	0.27791710	0.52287370	2.53366900	0.56417850	0.53613600	2.55557900	0.80205010	0.54020820	2.53057000
0.90000000	0.07877338	0.24953570	2.52839700	0.08445344	0.60109510	2.53777500	0.27773700	0.52300290	2.53384700	0.56381350	0.53588120	2.55581200	0.80169650	0.54039530	2.53068300
0.93333330	0.07856858	0.24950610	2.52869100	0.08375907	0.60071770	2.53782400	0.27768530	0.52306420	2.53413900	0.56490170	0.53642670	2.55600800	0.80281320	0.54031120	2.53069500
0.96666660	0.07812117	0.24932720	2.52913000	0.08318590	0.60068130	2.53831900	0.27758440	0.52304540	2.53447600	0.56389830	0.53582730	2.55607700	0.80182900	0.54086500	2.53110500
1.00000000	0.07787680	0.24927980	2.52945200	0.08251484	0.60012980	2.53953200	0.27755030	0.52299130	2.53504700	0.56392680	0.53589480	2.55616200	0.80188170	0.54087930	2.53115500
1.03333300	0.07785683	0.24914030	2.52967500	0.08257997	0.59986260	2.54014400	0.27739380	0.52288900	2.53519400	0.56318320	0.53625230	2.55635100	0.80117240	0.54081860	2.53139300
1.06666700	0.07780230	0.24929320	2.52987100	0.08285558	0.60025220	2.54050400	0.27728920	0.52292210	2.53537800	0.56470300	0.53653280	2.55674900	0.80274170	0.54096540	2.53223800
1.10000000	0.07769837	0.24921830	2.53003000	0.08264950	0.60036760	2.54042900	0.27718030	0.52287610	2.53563500	0.56467450	0.53610610	2.55703400	0.80273680	0.54123960	2.53276500
1.13333300	0.07769703	0.24934530	2.53022500	0.08307085	0.60063550	2.54071200	0.27734860	0.52284970	2.53598900	0.56586610	0.53584460	2.55760200	0.80391560	0.54188700	2.53288100
1.16666700	0.07772422	0.24921640	2.53048200	0.08315227	0.60104880	2.54093000	0.27726880	0.52269260	2.53619600	0.56536840	0.53599470	2.55768400	0.80349810	0.54130320	2.53376200
1.20000000	0.07760099	0.24951750	2.53057800	0.08335052	0.60143750	2.54080000	0.27771700	0.52262600	2.53694600	0.56202290	0.53524900	2.55779900	0.80017510	0.54131910	2.53434300
1.23333300	0.07772092	0.24956130	2.53090900	0.08392955	0.60210530	2.54130400	0.27767170	0.52263960	2.53698500	0.56097260	0.53450450	2.55802600	0.79915920	0.54141210	2.53559500
1.26666700	0.07776444	0.24961380	2.53103100	0.08419103	0.60246330	2.54149300	0.27773630	0.52254960	2.53726600	0.56288950	0.53500090	2.55857000	0.80109320	0.54133670	2.53561600
1.30000000	0.07771955	0.24967650	2.53128600	0.08389355	0.60262550	2.54231600	0.27791990	0.52253720	2.53804500	0.56284650	0.53486340	2.55864300	0.80117270	0.54008880	2.53798600
1.33333300	0.07787454	0.24941220	2.53165900	0.08414542	0.60262470	2.54331200	0.27767600	0.52251880	2.53831500	0.56294280	0.53449380	2.55900100	0.80127970	0.54016100	2.53836900
1.36666700	0.07812172	0.24938390	2.53208900	0.08499715	0.60322210	2.54403100	0.27779790	0.52257870	2.53872700	0.56320260	0.53429370	2.55934100	0.80156010	0.54025330	2.53893100
1.40000000	0.07816757	0.24943810	2.53244000	0.08507032	0.60314640	2.54424600	0.27800730	0.52242290	2.53890200	0.56501660	0.53358020	2.56012400	0.80333770	0.54057120	2.53861500
1.43333300	0.07825512	0.24956020	2.53254300	0.08520324	0.60311730	2.54428200	0.27802070	0.52245030	2.53896600	0.56502010	0.53349710	2.56010000	0.80336670	0.54055130	2.53874700
1.46666700	0.07836054	0.24949810	2.53270400	0.08523673	0.60305320	2.54479600	0.27819850	0.52224060	2.53927900	0.56499530	0.53340180	2.56018200	0.80336200	0.54053410	2.53881300
1.50000000	0.07833739	0.24932130	2.53314700	0.08458856	0.60255310	2.54559700	0.27812790	0.52220360	2.53954900	0.56406180	0.53283910	2.56019800	0.80244850	0.54048620	2.53931300
1.53333300	0.07840500	0.24947150	2.53332900	0.08476932	0.60305140	2.54602600	0.27830670	0.52228270	2.53971700	0.56370800	0.53247480	2.56049700	0.80212410	0.54032560	2.54016900
1.56666700	0.07847808	0.24948010	2.53352700	0.08497074	0.60322290	2.54618800	0.27834390	0.52227260	2.53985600	0.56271860	0.53178350	2.56080200	0.80115180	0.53983560	2.54065700
1.60000000	0.07868714	0.24936480	2.53397500	0.08492165	0.60331740	2.54655600	0.27834350	0.52207920	2.53997300	0.56156180	0.53164670	2.56111000	0.80004550	0.53922370	2.54170200
1.63333300	0.07880990	0.24932830	2.53416600	0.08505946	0.60356570	2.54673200	0.27827790	0.52194580	2.54008600	0.56132110	0.53118600	2.56143900	0.79981550	0.53908370	2.54225500
1.66666700	0.07924403	0.24908270	2.53438100	0.08519366	0.60338380	2.54670400	0.27828300	0.52162860	2.54022300	0.56267360	0.53004590	2.56181300	0.80121820	0.53718330	2.54304300
1.70000000	0.07963113	0.24922790	2.53463400	0.08528645	0.60361090	2.54679900	0.27829770	0.52157550	2.54036800	0.56334600	0.52989040	2.56189900	0.80195150	0.53572960	2.54354500
1.73333300	0.08011071	0.24925250	2.53490000	0.08604428	0.60405650	2.54727900	0.27844630	0.52132550	2.54047900	0.56368950	0.52920110	2.56232200	0.80232530	0.53453410	2.54399300
1.76666700	0.08024089	0.24921590	2.53516300	0.08600425	0.60401030	2.54761200	0.27864990	0.52102960	2.54068900	0.56341220	0.52838500	2.56243700	0.80206370	0.53387620	2.54417600
1.80000000	0.08022042	0.24919890	2.53529400	0.08561506	0.60393080	2.54769800	0.27862150	0.52085920	2.54073800	0.56239630	0.52740450	2.56244900	0.80108740	0.53182290	2.54427400
1.83333300	0.08050895	0.24911500	2.53547600	0.08567036	0.60391570	2.54773000	0.27864930	0.52072880	2.54079500	0.56224330	0.52680760	2.56249200	0.80094200	0.53166070	2.54436500
1.86666700	0.08057419	0.24919480	2.53550800	0.08561203	0.60390320	2.54773800	0.27899420	0.52069280	2.54109700	0.56248070	0.52606170	2.56248000	0.80119740	0.53069910	2.54423700
1.90000000	0.08050952	0.24922310	2.53562400	0.08563424	0.60387850	2.54779500	0.27907840	0.52060530	2.54119000	0.56220220	0.52567140	2.56243000	0.80094650	0.52996460	2.54456000
1.93333300	0.08069430	0.24958780	2.53584100	0.08648464	0.60481070	2.54826000	0.27953730	0.52040400	2.54149700	0.56214060	0.52532890	2.56234600	0.80089920	0.52985750	2.54478000
1.96666700	0.08072714	0.24957750	2.53604600	0.08756985	0.60482400	2.54870700	0.27957270	0.52039810	2.54150700	0.55979310	0.52443390	2.56202200	0.79855100	0.52979740	2.54488700
2.00000000	0.08083372	0.24958450	2.53613600	0.08758105	0.60490420	2.54874900	0.27980140	0.52035190	2.54165000	0.55921970	0.52407100	2.56197200	0.79798700	0.52908560	2.54435500
2.03333300	0.08105153	0.24958010	2.53619300	0.08914477	0.60460010	2.54878700	0.27983080	0.52030150	2.54167400	0.55844470	0.52387620	2.56202200	0.79722290	0.52877580	2.54437100
2.06666700	0.08108044	0.24946950	2.53629300	0.08870149	0.60429730	2.54877400	0.27982560	0.52002450	2.54164600	0.55820610	0.52366440	2.56194800	0.79699350	0.52843080	2.54413300
2.10000000	0.08102649	0.24942970	2.53630900	0.08835199	0.60401270	2.54878000	0.27979640	0.51998000	2.54162500	0.55807920	0.52349180	2.56192200	0.79687520	0.52834040	2.54420000
2.13333300	0.08104113	0.24935300	2.53636200	0.08832541	0.60391000	2.54872300	0.27992750	0.51959730	2.54170300	0.55783160	0.52345070	2.56182600	0.79664400	0.52779660	2.54400600
2.16666700	0.08080547	0.24941900	2.53627800	0.08833913	0.60395810	2.54871700	0.27990460	0.51956270	2.54164800	0.55761700	0.52299540	2.56181300	0.79642840	0.52724180	2.54337200
2.20000000	0.08070153	0.24933270	2.53629100	0.08817094	0.60384230	2.54849200	0.27991040	0.51954940	2.54164300	0.55555650	0.52222230	2.56096800	0.79437940	0.52699510	2.54341300
2.23333300	0.08050188	0.24938640	2.53625700	0.08800121	0.60378770	2.54822800	0.28011610	0.51943480	2.54159300	0.55517820	0.52181300	2.56061400	0.79400680	0.52666420	2.54317300
2.26666700	0.08042005	0.24955060	2.53613600	0.08855204	0.60384510	2.54770600	0.28012380	0.51940530	2.54152100	0.55537070	0.52131410	2.56040400	0.79420840	0.52611180	2.54319600
2.30000000	0.08057995	0.24960140	2.53608400	0.08906040	0.60391160	2.54780800	0.28013840	0.51940120	2.54126200	0.55425990	0.51958600	2.55938900	0.79309110	0.52505990	2.54260100
2.33333300	0.08089004	0.24963480	2.53597100	0.09111860	0.60378970	2.54720300	0.28032630	0.51897510	2.54079300	0.55482440	0.51909080	2.55924700	0.79366140	0.52365570	2.54130200
2.36666700	0.08143227	0.24989760	2.53562500	0.09248009	0.60372440	2.54632200	0.28072340	0.51858960	2.54049700	0.55575240	0.51821140	2.55874700	0.79458840	0.52272370	2.54046200
2.40000000	0.08148085	0.24996800	2.53559100	0.09281500	0.60366020	2.54599200	0.28110230	0.51861060	2.54059300	0.55563450	0.51745450	2.55840800	0.79447800	0.52165930	2.53995100
2.43333300	0.08166847	0.24993950	2.53545100	0.09263890	0.60309590	2.54532500	0.28136820	0.51830650	2.54035300	0.55777410	0.51588700	2.55743900	0.79661970	0.52020250	2.53878300
2.46666700	0.08216015	0.25011560	2.53507800	0.09327649	0.60322030	2.54486400	0.28177290	0.51815800	2.53988100	0.55829830	0.51528200	2.55683000	0.79714700	0.51853030	2.53715400
2.50000000	0.08219118	0.25007370	2.53501000	0.09339976	0.60324010	2.54482200	0.28194550	0.51802050	2.53962400	0.55887090	0.51421480	2.55573400	0.79772340	0.51614700	2.53528600
2.53333300	0.08228661	0.25007030	2.53483500	0.09310890	0.60283320	2.54395100	0.28232150	0.51774530	2.53907400	0.55896220	0.51374970	2.55522600	0.79774150	0.51293410	2.53208000
2.56666700	0.08240519	0.25007890	2.53453600	0.09337584	0.60278270	2.54317800	0.28258450	0.51750560	2.53874000	0.55930780	0.51333860	2.55492800	0.79806500	0.51076700	2.53132100
2.60000000	0.08247803	0.25001330	2.53439100	0.09355197	0.60286190	2.54292600	0.28303240	0.51695100	2.53798100	0.55790270	0.51202420	2.55463800	0.79664900	0.50947230	2.53060700
2.63333300	0.08274989	0.24995690	2.53423500	0.09428786	0.60264050	2.54281700	0.28333980	0.51668440	2.53768100	0.55817250	0.51127430	2.55409100	0.79685040	0.50691570	2.52897000
2.66666700	0.08284251	0.24975490	2.53401400	0.09432337	0.60231710	2.54238100	0.28339460	0.51615210	2.53712900	0.55838350	0.50974120	2.55327200	0.79700330	0.50343570	2.52769800
2.70000000	0.08293661	0.24973770	2.53388100	0.09460697	0.60163240	2.54198300	0.28391690	0.51599470	2.53691200	0.56107930	0.50836680	2.55283800	0.79970980	0.50203530	2.52729800
2.73333300	0.08305864	0.24982350	2.53373800	0.09584574	0.60201160	2.54160900	0.28414380	0.51589780	2.53668200	0.56035750	0.50734920	2.55229600	0.79904230	0.50145080	2.52749600
2.76666700	0.08302154	0.24988240	2.53358900	0.09580053	0.60218180	2.54141700	0.28454290	0.51573720	2.53655200	0.56042850	0.50707130	2.55241900	0.79910190	0.50079860	2.52741300
2.80000000	0.08298733	0.24987130	2.53348600	0.09613245	0.60224690	2.54117600	0.28463740	0.51570020	2.53647300	0.56062670	0.50635500	2.55208800	0.79933090	0.50050450	2.52733600
2.83333300	0.08293854	0.24988680	2.53336200	0.09618659	0.60240790	2.54102500	0.28480380	0.51555060	2.53641400	0.55884640	0.50481260	2.55150300	0.79763650	0.50091430	2.52768000
2.86666700	0.08292427	0.24983670	2.53323700	0.09607054	0.60197850	2.54061900	0.28491080	0.51544190	2.53626100	0.55905040	0.50443240	2.55113700	0.79788130	0.50085630	2.52806200
2.90000000	0.08314487	0.24987420	2.53320600	0.09740050	0.60240770	2.54103000	0.28524460	0.51550530	2.53631600	0.55874120	0.50406190	2.55105700	0.79759400	0.50079780	2.52830300
2.93333300	0.08319639	0.24987330	2.53304400	0.09743601	0.60253530	2.54073900	0.28535240	0.51522320	2.53605400	0.55987490	0.50398890	2.55088800	0.79874000	0.50080600	2.52826600
2.96666700	0.08343283	0.24987350	2.53290400	0.09872840	0.60258330	2.54030600	0.28542620	0.51517150	2.53589900	0.56039840	0.50376020	2.55072000	0.79928750	0.49967190	2.52896900
3.00000000	0.08342474	0.24973160	2.53281800	0.09884449	0.60229690	2.54004100	0.28543800	0.51507200	2.53579700	0.56073520	0.50364780	2.55052200	0.79962930	0.49940240	2.52874100
3.03333300	0.08349967	0.24970340	2.53279200	0.09912775	0.60209650	2.53999200	0.28565970	0.51504710	2.53577600	0.56071640	0.50324310	2.55032300	0.79962090	0.49896450	2.52862400
3.06666700	0.08352744	0.24970260	2.53274100	0.09927073	0.60195840	2.53974900	0.28648000	0.51466260	2.53548300	0.56100360	0.50272800	2.55011200	0.79991400	0.49851310	2.52830300
3.10000000	0.08354381	0.24966650	2.53266500	0.09859361	0.60131300	2.53925100	0.28666060	0.51452330	2.53538100	0.56467060	0.50187810	2.55016400	0.80358900	0.49841730	2.52785300
3.13333300	0.08369362	0.24965390	2.53257300	0.10088090	0.60213690	2.53909200	0.28672540	0.51447530	2.53532900	0.56443240	0.50187170	2.55026600	0.80336240	0.49855930	2.52785300
3.16666700	0.08368339	0.24963560	2.53245300	0.10028340	0.60173170	2.53854400	0.28674860	0.51449660	2.53523600	0.56444820	0.50189410	2.55026600	0.80339470	0.49866140	2.52790700
3.20000000	0.08369894	0.24953490	2.53229500	0.10040370	0.60170120	2.53829000	0.28696020	0.51437310	2.53498100	0.56422790	0.50185440	2.55028400	0.80319060	0.49869730	2.52798800
3.23333300	0.08367097	0.24940470	2.53223600	0.10051710	0.60145320	2.53837500	0.28729540	0.51398470	2.53475900	0.56431530	0.50184080	2.55031000	0.80327530	0.49892950	2.52748300
3.26666700	0.08369184	0.24944590	2.53211100	0.10046710	0.60150890	2.53825600	0.28743830	0.51409570	2.53476000	0.56424560	0.50190040	2.55025700	0.80323060	0.49945050	2.52764700
3.30000000	0.08412384	0.24972380	2.53195500	0.10072580	0.60162840	2.53814800	0.28776720	0.51418820	2.53466900	0.56369160	0.50257680	2.55040600	0.80267510	0.49941100	2.52768700
3.33333300	0.08427389	0.24961590	2.53167700	0.10067480	0.60193370	2.53764600	0.28791220	0.51412430	2.53456900	0.56376530	0.50401160	2.55053400	0.80274110	0.49987130	2.52770600
3.36666700	0.08453704	0.24959500	2.53146600	0.10048940	0.60146240	2.53700300	0.28794480	0.51414890	2.53458100	0.56400280	0.50531670	2.55086500	0.80297600	0.50046320	2.52803300
3.40000000	0.08467396	0.24956520	2.53123200	0.10042580	0.60145040	2.53672600	0.28781270	0.51411660	2.53432600	0.56400300	0.50591310	2.55089500	0.80300500	0.50494410	2.52734500
3.43333300	0.08455488	0.24946610	2.53116900	0.09852149	0.60273680	2.53751100	0.28756380	0.51413550	2.53411000	0.56279590	0.50743650	2.55123900	0.80181920	0.50799940	2.52798900
3.46666700	0.08451663	0.24945240	2.53102200	0.09820387	0.60251710	2.53715400	0.28743510	0.51436570	2.53400000	0.56215330	0.50852010	2.55158300	0.80115230	0.51115910	2.52792000
3.50000000	0.08473071	0.24953110	2.53073200	0.09847599	0.60295780	2.53644100	0.28702560	0.51490580	2.53374500	0.56114630	0.50987020	2.55158700	0.80011790	0.51326880	2.52737300
3.53333300	0.08478817	0.24944790	2.53063600	0.09845611	0.60294400	2.53645500	0.28667650	0.51529120	2.53349100	0.55997500	0.51117520	2.55190500	0.79893000	0.51490540	2.52734300
3.56666700	0.08476847	0.24948070	2.53047100	0.09824535	0.60297930	2.53633000	0.28632300	0.51572010	2.53326100	0.55864800	0.51326810	2.55214800	0.79762970	0.51558410	2.52777000
3.60000000	0.08480082	0.24943310	2.53042900	0.09781715	0.60274210	2.53643700	0.28606380	0.51574980	2.53298100	0.55858750	0.51476620	2.55224500	0.79757300	0.51678620	2.52786500
3.63333300	0.08469416	0.24919570	2.53032700	0.09638622	0.60118900	2.53669700	0.28597830	0.51594380	2.53292200	0.55876310	0.51630710	2.55249500	0.79775240	0.51836590	2.52817700
3.66666700	0.08476664	0.24973650	2.52987600	0.09625190	0.60210790	2.53670000	0.28596840	0.51638040	2.53291500	0.55902010	0.51715790	2.55257400	0.79803030	0.52015640	2.52897100
3.70000000	0.08467846	0.25005660	2.52950100	0.09618953	0.60239540	2.53655600	0.28596920	0.51689980	2.53280500	0.56156980	0.51923560	2.55263600	0.80060790	0.52109500	2.52934200
3.73333300	0.08489235	0.25014380	2.52936800	0.09612422	0.60244230	2.53657200	0.28594390	0.51742110	2.53304900	0.56140350	0.51988910	2.55301300	0.80042960	0.52312520	2.52983400
3.76666700	0.08485506	0.24996280	2.52928900	0.09538329	0.60236690	2.53664600	0.28592060	0.51766130	2.53311300	0.56115050	0.52170870	2.55350900	0.80014380	0.52671150	2.53030600
3.80000000	0.08481392	0.24991930	2.52928700	0.09458842	0.60294390	2.53719300	0.28559890	0.51830170	2.53310400	0.56079370	0.52258960	2.55378200	0.79975150	0.52851600	2.53024300
3.83333300	0.08490328	0.24998300	2.52923200	0.09457435	0.60303830	2.53693500	0.28547210	0.51875410	2.53314000	0.56059580	0.52354540	2.55418500	0.79952020	0.53090450	2.53083400
3.86666700	0.08484636	0.25031070	2.52910800	0.09404319	0.60375460	2.53735300	0.28541680	0.51898370	2.53305800	0.56100510	0.52649900	2.55388400	0.79997270	0.53234730	2.53053800
3.90000000	0.08491172	0.25029180	2.52910300	0.09384792	0.60391500	2.53775100	0.28517650	0.51970320	2.53310900	0.56124890	0.52861510	2.55372400	0.80024960	0.53331320	2.53050400
3.93333300	0.08450887	0.25061580	2.52892800	0.09177487	0.60384750	2.53754600	0.28481860	0.52019510	2.53317100	0.56303860	0.53068540	2.55467000	0.80201520	0.53484100	2.53048100
3.96666700	0.08447275	0.25076630	2.52886500	0.09065907	0.60413970	2.53686700	0.28471780	0.52040880	2.53319000	0.56375010	0.53198880	2.55468800	0.80274810	0.53561130	2.53065400
4.00000000	0.08478356	0.25089060	2.52872600	0.09122792	0.60439280	2.53662700	0.28470310	0.52074020	2.53314700	0.56365470	0.53275660	2.55458100	0.80268760	0.53595250	2.53109800
4.03333300	0.08484560	0.25063260	2.52864700	0.09137788	0.60441630	2.53645200	0.28449090	0.52097270	2.53304800	0.56385150	0.53323350	2.55464200	0.80287460	0.53702020	2.53096200
4.06666700	0.08486396	0.25060960	2.52851700	0.09098815	0.60444610	2.53636300	0.28427820	0.52114950	2.53287700	0.56436930	0.53392670	2.55457700	0.80339970	0.53759370	2.53084700
4.10000000	0.08472504	0.25066390	2.52842300	0.09025409	0.60439700	2.53566200	0.28436850	0.52148780	2.53299600	0.56485280	0.53488620	2.55489000	0.80389310	0.53898530	2.53138900
4.13333300	0.08470480	0.25057990	2.52841100	0.08992282	0.60423590	2.53576400	0.28412010	0.52186910	2.53297900	0.56477450	0.53501580	2.55490800	0.80380730	0.53978120	2.53134900
4.16666700	0.08478455	0.25050820	2.52829700	0.09038801	0.60429640	2.53529300	0.28402650	0.52221340	2.53282200	0.56782480	0.53564990	2.55471900	0.80686560	0.54000680	2.53090600
4.20000000	0.08466687	0.25037270	2.52821800	0.08993414	0.60413150	2.53540000	0.28385190	0.52230470	2.53256700	0.56863680	0.53614960	2.55482800	0.80768340	0.54103340	2.53112100
4.23333300	0.08432472	0.25035530	2.52801200	0.08900893	0.60388900	2.53531800	0.28343570	0.52245150	2.53237100	0.56804460	0.53698720	2.55505200	0.80709780	0.54132830	2.53099000
4.26666700	0.08395375	0.25045310	2.52786500	0.08832288	0.60373880	2.53532600	0.28264820	0.52290240	2.53200900	0.56752090	0.53744140	2.55487600	0.80658070	0.54331090	2.53150600
4.30000000	0.08423377	0.25062980	2.52771100	0.08837094	0.60389760	2.53532600	0.28248940	0.52310900	2.53201400	0.56629470	0.53876140	2.55497000	0.80538820	0.54493920	2.53245700
4.33333300	0.08420357	0.25066230	2.52761600	0.08839904	0.60369500	2.53498400	0.28240420	0.52318910	2.53199700	0.56523320	0.54002520	2.55460700	0.80437590	0.54600330	2.53315800
4.36666700	0.08402139	0.25081890	2.52749500	0.08788180	0.60371330	2.53464500	0.28235810	0.52339830	2.53210400	0.56617310	0.54161230	2.55468800	0.80525350	0.54884350	2.53213000
4.40000000	0.08398829	0.25074800	2.52737600	0.08687669	0.60254580	2.53406800	0.28208750	0.52364210	2.53211700	0.56706620	0.54314430	2.55451200	0.80613900	0.55002920	2.53117800
4.43333300	0.08393859	0.25082760	2.52734700	0.08581968	0.60199570	2.53309300	0.28186050	0.52410260	2.53209100	0.56725030	0.54356410	2.55451500	0.80627290	0.55226880	2.53113100
4.46666700	0.08391255	0.25068000	2.52739500	0.08581440	0.60195840	2.53354000	0.28145950	0.52413030	2.53179300	0.56724750	0.54424780	2.55449600	0.80626600	0.55291000	2.53068800
4.50000000	0.08358792	0.25050330	2.52735100	0.08353547	0.60141400	2.53330900	0.28102950	0.52438070	2.53163900	0.56691400	0.54493400	2.55467000	0.80589370	0.55381540	2.52988000
4.53333300	0.08348091	0.25048230	2.52730600	0.08272337	0.60095580	2.53347300	0.28067150	0.52464000	2.53144500	0.56504730	0.54613730	2.55495700	0.80400080	0.55456690	2.52907500
4.56666700	0.08314081	0.25054570	2.52729300	0.08105064	0.60109130	2.53379100	0.27976360	0.52509900	2.53118600	0.56569700	0.54731580	2.55528200	0.80463740	0.55616930	2.52921600
4.60000000	0.08271639	0.25047300	2.52712500	0.08020464	0.60086060	2.53367200	0.27890470	0.52523700	2.53099000	0.56435510	0.54842230	2.55577000	0.80330990	0.55655870	2.52928600
4.63333300	0.08242180	0.25067310	2.52682900	0.07951944	0.60083550	2.53311000	0.27827620	0.52574980	2.53111900	0.56403980	0.54922230	2.55565200	0.80302210	0.55686800	2.52918400
4.66666700	0.08236745	0.25062810	2.52679400	0.07883045	0.60127700	2.53320600	0.27674340	0.52654430	2.53109700	0.56329400	0.55046190	2.55605900	0.80224790	0.55764810	2.52860200
4.70000000	0.08221246	0.25076560	2.52663100	0.07709249	0.60129210	2.53211200	0.27623990	0.52679110	2.53082700	0.56277140	0.55141270	2.55615900	0.80166910	0.55977770	2.52819700
4.73333300	0.08211752	0.25096840	2.52651100	0.07560913	0.60168210	2.53092500	0.27590330	0.52713390	2.53076700	0.56222860	0.55235640	2.55636800	0.80109440	0.56134140	2.52806900
4.76666700	0.08193987	0.25088370	2.52645900	0.07520398	0.60182790	2.53095900	0.27510930	0.52746620	2.53073100	0.56229320	0.55333540	2.55663600	0.80110800	0.56404910	2.52847800
4.80000000	0.08182123	0.25090590	2.52646600	0.07484150	0.60276680	2.53161800	0.27466690	0.52786330	2.53061600	0.56155130	0.55380240	2.55664200	0.80028520	0.56731810	2.52935800
4.83333300	0.08179124	0.25090500	2.52647500	0.07478309	0.60294380	2.53172000	0.27452370	0.52834860	2.53082700	0.56148390	0.55526760	2.55678600	0.80020380	0.56749380	2.52790600
4.86666700	0.08169371	0.25083900	2.52654000	0.07376047	0.60300910	2.53192900	0.27249950	0.53170600	2.53097700	0.56374220	0.55701590	2.55708200	0.80252770	0.56737290	2.52760700
4.90000000	0.08153109	0.25086100	2.52655300	0.07354849	0.60289160	2.53194800	0.27226030	0.53201750	2.53133600	0.56451430	0.55823970	2.55747500	0.80330530	0.56829440	2.52764600
4.93333300	0.08146188	0.25090300	2.52657200	0.07301565	0.60279300	2.53171300	0.27226500	0.53199090	2.53137700	0.56471330	0.55861230	2.55776600	0.80348860	0.56877940	2.52754200
4.96666700	0.08105250	0.25084980	2.52666200	0.07233410	0.60274120	2.53179400	0.27216870	0.53202610	2.53143200	0.56530650	0.55926330	2.55801200	0.80410040	0.56948260	2.52784500
5.00000000	0.08080321	0.25078280	2.52675800	0.07111439	0.60258180	2.53247500	0.27196380	0.53199120	2.53142300	0.56512620	0.55952770	2.55800700	0.80393420	0.56997660	2.52795900
5.03333300	0.08070655	0.25081400	2.52679000	0.07073853	0.60234840	2.53232600	0.27176480	0.53215010	2.53148900	0.56372390	0.56027090	2.55841400	0.80259140	0.57002250	2.52858900
5.06666700	0.08033167	0.25074760	2.52681700	0.07018737	0.60157510	2.53205400	0.27162200	0.53215870	2.53157700	0.56269040	0.56098060	2.55900000	0.80160100	0.57062250	2.52955600
5.10000000	0.08017610	0.25063950	2.52686300	0.07011020	0.60163690	2.53208100	0.27150580	0.53189190	2.53160300	0.56313980	0.56159260	2.55931000	0.80206960	0.57080360	2.52967900
5.13333300	0.08004178	0.25073560	2.52682000	0.06985280	0.60179980	2.53114300	0.27144240	0.53187300	2.53166800	0.56400390	0.56225840	2.55986300	0.80290360	0.57137400	2.52949800
5.16666700	0.07967823	0.25078000	2.52686100	0.06936318	0.60182140	2.53092200	0.27137220	0.53198570	2.53169900	0.56419900	0.56266020	2.56017200	0.80311700	0.57163530	2.52978000
5.20000000	0.07961906	0.25078140	2.52683600	0.06952353	0.60210140	2.53092800	0.27094690	0.53193850	2.53179800	0.56381100	0.56318490	2.56049300	0.80274010	0.57206820	2.52998900
5.23333300	0.07955395	0.25072470	2.52683100	0.06932928	0.60212390	2.53084900	0.27043670	0.53176120	2.53164300	0.56477580	0.56371470	2.56072700	0.80371960	0.57236280	2.53007000
5.26666700	0.07939166	0.25079500	2.52682400	0.06890368	0.60244720	2.53109200	0.27007200	0.53176240	2.53155600	0.56496750	0.56375720	2.56079700	0.80392070	0.57272630	2.53019600
5.30000000	0.07938410	0.25080510	2.52678600	0.06879280	0.60245540	2.53115800	0.26980120	0.53181790	2.53155900	0.56422480	0.56398560	2.56082800	0.80321430	0.57284080	2.53045200
5.33333300	0.07912206	0.25092660	2.52674000	0.06867301	0.60226040	2.53121500	0.26971010	0.53181770	2.53156300	0.56377580	0.56401280	2.56092800	0.80276430	0.57473680	2.53144500
5.36666700	0.07896160	0.25101020	2.52674100	0.06849845	0.60229390	2.53131300	0.26941830	0.53218910	2.53175400	0.56379780	0.56399330	2.56094400	0.80281390	0.57467750	2.53160800
5.40000000	0.07893147	0.25100190	2.52673500	0.06897733	0.60248600	2.53126300	0.26941000	0.53218630	2.53180800	0.56316200	0.56383260	2.56108000	0.80216870	0.57431240	2.53122400
5.43333300	0.07888073	0.25089400	2.52676400	0.06907898	0.60240210	2.53132000	0.26939050	0.53212520	2.53180300	0.56251860	0.56391380	2.56128600	0.80154780	0.57377060	2.53115200
5.46666700	0.07863750	0.25096390	2.52676200	0.06907974	0.60243650	2.53140900	0.26945140	0.53202000	2.53184400	0.56196700	0.56401000	2.56132000	0.80102150	0.57367390	2.53123700
5.50000000	0.07862356	0.25095010	2.52675700	0.06913077	0.60250040	2.53155500	0.26943430	0.53201470	2.53190300	0.56134650	0.56415310	2.56143300	0.80042150	0.57360950	2.53133400
5.53333300	0.07862685	0.25089110	2.52679300	0.06929297	0.60253910	2.53234700	0.26939820	0.53207760	2.53196400	0.56255020	0.56484300	2.56174100	0.80164590	0.57449630	2.53185600
5.56666700	0.07856663	0.25078630	2.52692500	0.06916371	0.60261980	2.53307800	0.26937670	0.53229180	2.53210400	0.56416820	0.56559740	2.56189400	0.80330150	0.57481730	2.53208200
5.60000000	0.07842999	0.25053200	2.52700400	0.06908259	0.60221970	2.53322400	0.26916860	0.53213850	2.53206400	0.56523320	0.56617460	2.56196100	0.80439890	0.57559920	2.53250400
5.63333300	0.07855655	0.25059870	2.52713200	0.06943011	0.60243400	2.53369500	0.26914370	0.53236560	2.53222300	0.56576870	0.56679440	2.56210000	0.80493800	0.57603600	2.53232100
5.66666700	0.07853667	0.25060450	2.52716000	0.06936014	0.60238170	2.53364900	0.26874660	0.53284940	2.53236900	0.56624310	0.56713030	2.56215200	0.80545570	0.57676800	2.53299300
5.70000000	0.07853381	0.25052430	2.52727100	0.06938297	0.60238720	2.53380800	0.26851170	0.53285900	2.53253300	0.56710590	0.56764380	2.56211900	0.80636000	0.57734660	2.53334600
5.73333300	0.07850251	0.25050650	2.52727600	0.06938662	0.60225840	2.53380700	0.26833070	0.53273600	2.53253900	0.56733980	0.56813410	2.56226700	0.80657630	0.57880080	2.53353700
5.76666700	0.07853996	0.25052610	2.52726200	0.06906541	0.60199820	2.53368100	0.26756710	0.53287070	2.53241200	0.56683440	0.56835620	2.56224100	0.80598400	0.58100370	2.53332700
5.80000000	0.07856026	0.25051170	2.52730500	0.06858414	0.60175340	2.53387100	0.26738880	0.53283060	2.53250600	0.56668590	0.56861540	2.56225100	0.80577770	0.58316710	2.53384000
5.83333300	0.07847167	0.25047330	2.52738800	0.06809742	0.60140470	2.53420000	0.26697350	0.53299750	2.53259600	0.56594230	0.56931550	2.56250800	0.80504890	0.58362780	2.53379500
5.86666700	0.07846276	0.25054800	2.52738600	0.06797324	0.60144670	2.53406400	0.26672180	0.53326340	2.53285600	0.56443170	0.57027830	2.56290600	0.80350150	0.58419760	2.53299000
5.90000000	0.07847814	0.25054180	2.52743700	0.06774703	0.60137500	2.53402300	0.26474260	0.53504110	2.53305700	0.56433810	0.57058560	2.56302400	0.80333170	0.58492040	2.53211000
5.93333300	0.07855856	0.25050810	2.52754500	0.06773617	0.60106150	2.53452400	0.26463080	0.53507550	2.53331200	0.56380690	0.57090020	2.56321800	0.80277080	0.58538310	2.53178100
5.96666700	0.07840747	0.25069880	2.52773800	0.06727987	0.60142000	2.53482800	0.26439420	0.53511860	2.53343400	0.56389760	0.57118400	2.56336600	0.80287680	0.58546190	2.53174800
6.00000000	0.07838028	0.25064840	2.52778300	0.06638205	0.60144250	2.53488800	0.26394110	0.53498660	2.53355300	0.56401970	0.57134520	2.56348300	0.80301680	0.58580830	2.53204100
6.03333300	0.07828174	0.25075120	2.52789300	0.06644230	0.60135700	2.53519400	0.26385380	0.53500080	2.53363700	0.56383770	0.57154510	2.56377100	0.80284370	0.58614180	2.53234400
6.06666700	0.07812124	0.25085150	2.52807100	0.06645106	0.60127130	2.53537100	0.26363130	0.53495900	2.53383700	0.56385660	0.57159620	2.56384700	0.80286670	0.58671810	2.53270500
6.10000000	0.07820945	0.25084660	2.52814200	0.06654104	0.60108950	2.53544800	0.26372560	0.53485490	2.53405800	0.56419400	0.57166620	2.56398900	0.80329680	0.58751460	2.53466000
6.13333300	0.07810113	0.25077060	2.52827500	0.06646786	0.60089910	2.53586200	0.26378320	0.53492860	2.53413000	0.56436780	0.57166670	2.56409100	0.80349800	0.58770200	2.53512800
6.16666700	0.07808261	0.25064520	2.52860500	0.06650633	0.60123550	2.53662300	0.26372910	0.53490930	2.53430700	0.56468520	0.57163140	2.56412600	0.80388340	0.58746550	2.53578000
6.20000000	0.07795537	0.25083120	2.52876700	0.06654125	0.60125920	2.53684700	0.26378250	0.53483580	2.53445400	0.56491570	0.57155980	2.56422700	0.80418690	0.58681790	2.53619100
6.23333300	0.07780349	0.25080490	2.52885000	0.06625192	0.60115400	2.53704400	0.26392980	0.53477190	2.53474200	0.56512960	0.57136770	2.56448700	0.80446670	0.58513720	2.53573900
6.26666700	0.07756019	0.25084670	2.52896800	0.06605650	0.60098300	2.53713400	0.26391740	0.53452560	2.53488000	0.56570430	0.57114360	2.56457100	0.80513360	0.58423700	2.53640800
6.30000000	0.07746012	0.25086400	2.52910300	0.06604541	0.60094280	2.53717200	0.26418250	0.53435130	2.53525900	0.56618750	0.57070540	2.56486700	0.80573390	0.58222620	2.53699300
6.33333300	0.07724848	0.25069770	2.52911400	0.06617653	0.60042420	2.53702700	0.26423900	0.53356520	2.53539100	0.56603930	0.57012250	2.56481300	0.80565950	0.58007240	2.53667600
6.36666700	0.07720703	0.25069580	2.52917200	0.06615953	0.60052070	2.53702400	0.26436870	0.53288870	2.53537600	0.56417510	0.56891820	2.56511900	0.80375960	0.57919210	2.53633200
6.40000000	0.07703216	0.25050060	2.52920500	0.06622653	0.60023220	2.53676800	0.26463840	0.53246200	2.53558900	0.56307350	0.56772130	2.56532700	0.80265920	0.57812210	2.53641400
6.43333300	0.07697130	0.25042380	2.52926400	0.06674932	0.60024550	2.53693800	0.26499420	0.53210380	2.53588000	0.56238930	0.56685680	2.56531000	0.80204100	0.57554140	2.53614100
6.46666700	0.07699486	0.25024310	2.52933500	0.06699347	0.59975280	2.53686500	0.26508800	0.53193400	2.53594000	0.56197600	0.56613800	2.56524000	0.80166330	0.57358060	2.53576600
6.50000000	0.07689501	0.25028400	2.52930600	0.06719672	0.60004670	2.53673300	0.26529570	0.53137620	2.53608100	0.56259520	0.56502460	2.56494800	0.80231490	0.57032820	2.53490800
6.53333300	0.07683694	0.25003490	2.52951000	0.06750341	0.60082070	2.53765100	0.26568700	0.53088580	2.53606900	0.56183460	0.56368800	2.56457500	0.80154570	0.56784150	2.53391400
6.56666700	0.07685584	0.25001060	2.52955600	0.06817427	0.60070380	2.53776200	0.26576330	0.53083820	2.53618000	0.56166990	0.56294760	2.56447100	0.80140340	0.56725890	2.53401200
6.60000000	0.07678377	0.24998660	2.52961000	0.06820045	0.60075700	2.53787100	0.26576780	0.53081520	2.53618900	0.56210120	0.56176980	2.56428600	0.80186960	0.56670240	2.53434600
6.63333300	0.07672812	0.24993110	2.52972700	0.06818689	0.60076110	2.53788400	0.26569800	0.53071900	2.53619600	0.56056350	0.56032570	2.56405200	0.80035610	0.56596810	2.53457300
6.66666700	0.07642706	0.24985580	2.52988200	0.06794439	0.60075090	2.53842200	0.26569110	0.53071460	2.53619000	0.55945870	0.55887120	2.56404000	0.79924720	0.56580040	2.53488000
6.70000000	0.07607001	0.24996070	2.52993200	0.06784714	0.60074830	2.53849600	0.26563130	0.53065020	2.53617500	0.55927680	0.55788790	2.56388600	0.79905590	0.56538400	2.53470400
6.73333300	0.07589300	0.25006710	2.52997800	0.06756803	0.60077520	2.53869900	0.26564090	0.53063430	2.53617500	0.55942790	0.55741300	2.56383300	0.79922560	0.56436960	2.53454200
6.76666700	0.07593987	0.25016790	2.53004100	0.06806460	0.60159370	2.53910900	0.26601660	0.53040800	2.53637300	0.55997470	0.55669530	2.56369800	0.79980210	0.56415980	2.53496100
6.80000000	0.07586034	0.25016450	2.53006500	0.06802821	0.60145320	2.53923300	0.26609670	0.53025560	2.53646000	0.56197130	0.55540200	2.56349900	0.80178530	0.56409550	2.53502700
6.83333300	0.07586341	0.25026800	2.53007300	0.06839769	0.60172150	2.53976500	0.26611870	0.53017940	2.53647100	0.56185300	0.55483270	2.56340700	0.80169590	0.56292020	2.53487300
6.86666700	0.07559074	0.25022390	2.53025000	0.06808630	0.60169120	2.54036500	0.26609250	0.52998160	2.53658200	0.56135580	0.55416590	2.56336500	0.80118780	0.56302000	2.53492400
6.90000000	0.07561612	0.25031930	2.53030000	0.06821864	0.60172920	2.54038600	0.26619180	0.52990450	2.53666100	0.56062970	0.55341090	2.56330100	0.80049380	0.56226300	2.53523900
6.93333300	0.07564587	0.25029550	2.53032200	0.06830359	0.60173320	2.54043200	0.26632060	0.52969320	2.53671600	0.56050370	0.55260570	2.56319900	0.80053610	0.55989620	2.53709100
6.96666700	0.07546646	0.25032560	2.53031800	0.06824129	0.60186880	2.54040900	0.26642690	0.52947310	2.53695500	0.56019050	0.55173970	2.56307700	0.80026190	0.55856470	2.53731200
7.00000000	0.07544565	0.25031760	2.53034400	0.06855131	0.60187600	2.54044300	0.26649580	0.52944760	2.53697800	0.56098120	0.55089240	2.56316800	0.80108200	0.55704650	2.53745600
7.03333300	0.07552531	0.25012080	2.53060700	0.07098442	0.60329690	2.54236500	0.26657990	0.52922200	2.53699200	0.56075510	0.55055970	2.56309600	0.80086070	0.55630170	2.53709600
7.06666700	0.07557776	0.25014480	2.53065700	0.07089942	0.60320750	2.54242100	0.26666280	0.52905530	2.53718700	0.56068770	0.54990640	2.56310100	0.80083150	0.55504410	2.53742900
7.10000000	0.07493275	0.24992500	2.53081300	0.07058714	0.60285730	2.54227700	0.26662780	0.52877580	2.53726300	0.56070180	0.54942330	2.56323500	0.80085870	0.55452160	2.53763400
7.13333300	0.07472443	0.24977810	2.53088800	0.06983200	0.60261500	2.54201000	0.26672850	0.52866060	2.53731800	0.56116100	0.54876230	2.56330600	0.80135700	0.55296860	2.53795900
7.16666700	0.07479715	0.24978530	2.53088900	0.07000311	0.60269860	2.54197500	0.26641660	0.52819680	2.53695600	0.56161400	0.54791070	2.56337800	0.80180470	0.55207850	2.53769900
7.20000000	0.07476710	0.24977520	2.53089100	0.06967346	0.60216320	2.54186300	0.26641430	0.52802740	2.53689700	0.56088840	0.54709670	2.56321000	0.80109330	0.55126950	2.53763800
7.23333300	0.07477871	0.24975390	2.53090000	0.06998242	0.60211740	2.54170500	0.26654000	0.52792380	2.53698800	0.56145660	0.54597310	2.56325200	0.80165650	0.55099230	2.53772000
7.26666700	0.07466744	0.24978240	2.53094100	0.06974477	0.60195550	2.54150000	0.26676440	0.52788010	2.53721500	0.56169050	0.54546720	2.56339500	0.80189760	0.55048970	2.53781600
7.30000000	0.07480923	0.24982110	2.53100400	0.07085576	0.60245170	2.54158700	0.26688720	0.52773230	2.53737500	0.56184910	0.54517340	2.56342400	0.80205830	0.55014550	2.53767200
7.33333300	0.07486405	0.24971370	2.53109600	0.07092818	0.60237370	2.54154600	0.26694000	0.52770610	2.53741400	0.56207320	0.54487380	2.56331700	0.80228320	0.54934290	2.53718900
7.36666700	0.07501429	0.24985410	2.53112500	0.07133752	0.60292850	2.54192800	0.26718240	0.52765210	2.53758200	0.56201280	0.54484800	2.56329100	0.80223150	0.54897010	2.53703600
7.40000000	0.07528447	0.24999550	2.53125300	0.07168265	0.60332840	2.54219400	0.26732330	0.52759150	2.53757700	0.56201550	0.54477470	2.56328700	0.80223820	0.54886470	2.53692800
7.43333300	0.07537822	0.25000440	2.53133700	0.07174043	0.60343090	2.54223600	0.26751220	0.52746290	2.53760300	0.56202790	0.54462830	2.56321200	0.80224640	0.54917230	2.53676400
7.46666700	0.07537003	0.25002190	2.53133600	0.07170444	0.60326840	2.54213100	0.26755770	0.52741660	2.53762100	0.56206720	0.54441940	2.56324800	0.80228420	0.54900650	2.53663100
7.50000000	0.07532045	0.25019380	2.53124200	0.07116321	0.60349970	2.54161800	0.26756110	0.52719860	2.53750700	0.56208890	0.54432300	2.56321700	0.80231170	0.54864830	2.53646900
7.53333300	0.07530997	0.25031830	2.53126400	0.07079804	0.60378080	2.54149000	0.26759200	0.52718230	2.53747700	0.56317810	0.54378140	2.56340600	0.80337510	0.54887590	2.53629500
7.56666700	0.07529826	0.25032690	2.53126300	0.07074156	0.60377370	2.54141600	0.26761230	0.52713690	2.53748300	0.56326450	0.54342650	2.56341100	0.80347800	0.54906550	2.53668700
7.60000000	0.07524849	0.25032460	2.53126100	0.07097528	0.60372710	2.54140400	0.26792470	0.52707730	2.53769200	0.56330290	0.54313270	2.56338100	0.80355190	0.54843090	2.53704500
7.63333300	0.07495340	0.25037980	2.53114300	0.07085346	0.60355630	2.54094600	0.26837230	0.52680690	2.53796800	0.56391170	0.54254390	2.56343600	0.80418060	0.54815880	2.53748000
7.66666700	0.07502952	0.25039650	2.53117300	0.07097375	0.60357270	2.54103300	0.26835840	0.52677230	2.53801400	0.56385700	0.54242980	2.56347800	0.80413200	0.54786990	2.53741500
7.70000000	0.07503885	0.25039890	2.53117700	0.07092743	0.60329570	2.54104400	0.26857590	0.52686670	2.53819500	0.56397860	0.54232870	2.56349700	0.80428450	0.54758480	2.53782900
7.73333300	0.07504035	0.25043570	2.53113000	0.07095949	0.60329460	2.54088400	0.26862600	0.52683380	2.53821000	0.56405670	0.54201790	2.56349100	0.80439580	0.54764210	2.53855300
7.76666700	0.07501401	0.25037430	2.53117200	0.07068785	0.60308030	2.54120600	0.26869630	0.52683390	2.53824800	0.56432420	0.54180480	2.56360600	0.80467670	0.54767580	2.53893900
7.80000000	0.07515085	0.25038170	2.53121500	0.07072046	0.60300510	2.54126000	0.26878820	0.52674640	2.53823500	0.56428280	0.54172860	2.56366200	0.80466700	0.54767540	2.53960800
7.83333300	0.07532671	0.25056440	2.53112600	0.07080796	0.60302940	2.54121200	0.26890920	0.52672450	2.53825600	0.56432550	0.54166990	2.56367900	0.80473190	0.54751490	2.53993700
7.86666700	0.07537898	0.25066760	2.53113700	0.07065849	0.60297630	2.54097300	0.26938610	0.52694480	2.53871100	0.56434990	0.54154120	2.56370300	0.80476730	0.54735210	2.54005300
7.90000000	0.07541577	0.25069590	2.53118600	0.07072239	0.60280010	2.54100900	0.26951060	0.52685890	2.53887000	0.56446030	0.54140120	2.56382800	0.80487740	0.54725590	2.54005000
7.93333300	0.07552864	0.25072740	2.53127200	0.07132746	0.60278270	2.54112500	0.26966170	0.52687670	2.53909300	0.56451650	0.54118200	2.56382200	0.80494490	0.54730190	2.54033200
7.96666700	0.07535932	0.25080950	2.53141000	0.07118444	0.60284020	2.54126900	0.26958330	0.52682010	2.53909500	0.56438490	0.54103040	2.56385500	0.80482630	0.54675580	2.54029300
8.00000000	0.07541744	0.25080470	2.53145600	0.07118338	0.60253520	2.54121700	0.26964320	0.52678480	2.53918000	0.56436360	0.54093090	2.56389100	0.80480590	0.54651850	2.54011900
8.03333400	0.07545897	0.25095130	2.53154100	0.07131829	0.60263810	2.54135400	0.26996350	0.52661300	2.53935200	0.56508390	0.54055790	2.56387500	0.80553360	0.54662560	2.54041700
8.06666700	0.07552250	0.25102760	2.53159100	0.07120347	0.60276040	2.54130500	0.27005020	0.52649830	2.53942100	0.56505820	0.54048590	2.56389300	0.80551870	0.54654850	2.54055000
8.10000000	0.07563926	0.25100290	2.53173400	0.07150356	0.60276440	2.54163600	0.27009080	0.52648220	2.53944000	0.56495850	0.54036810	2.56394800	0.80543480	0.54637370	2.54082300
8.13333300	0.07566292	0.25103760	2.53186300	0.07268152	0.60361790	2.54246500	0.27030040	0.52668060	2.53966600	0.56498290	0.54032340	2.56396900	0.80545930	0.54652950	2.54082800
8.16666700	0.07589371	0.25107130	2.53198900	0.07339552	0.60372720	2.54268400	0.27030650	0.52659910	2.53971200	0.56525750	0.54029410	2.56405400	0.80573620	0.54656560	2.54085800
8.20000000	0.07580256	0.25090570	2.53208900	0.07328659	0.60359880	2.54265100	0.27012580	0.52654790	2.53977000	0.56527850	0.54024030	2.56404500	0.80576370	0.54654250	2.54087600
8.23333400	0.07560401	0.25086590	2.53207600	0.07338689	0.60249040	2.54141800	0.27015860	0.52631570	2.53978300	0.56531670	0.54018780	2.56408000	0.80580520	0.54646760	2.54081400
8.26666600	0.07561712	0.25100080	2.53211100	0.07317977	0.60265600	2.54129700	0.27015810	0.52630160	2.54000200	0.56478940	0.54005030	2.56424400	0.80528150	0.54629480	2.54090100
8.30000000	0.07551218	0.25100590	2.53221500	0.07297885	0.60263680	2.54150600	0.27008200	0.52626560	2.54010200	0.56480970	0.53999210	2.56423900	0.80532000	0.54606010	2.54109800
8.33333300	0.07556532	0.25102690	2.53225600	0.07292575	0.60261990	2.54151800	0.27007620	0.52624980	2.54015400	0.56480350	0.54000250	2.56422900	0.80533740	0.54537250	2.54111800
8.36666700	0.07557862	0.25109180	2.53229900	0.07286666	0.60312550	2.54160200	0.27007440	0.52622410	2.54017100	0.56443330	0.53988600	2.56417100	0.80498510	0.54480480	2.54113600
8.40000000	0.07573224	0.25125380	2.53240500	0.07289357	0.60312110	2.54160100	0.27010210	0.52632840	2.54035300	0.56362560	0.53988870	2.56424800	0.80419780	0.54414060	2.54129700
8.43333300	0.07553548	0.25120620	2.53247700	0.07264197	0.60204840	2.54123600	0.26995490	0.52622910	2.54043700	0.56361010	0.53987960	2.56425900	0.80419410	0.54379930	2.54135100
8.46666600	0.07538822	0.25100650	2.53264000	0.07255235	0.60195070	2.54205600	0.26994190	0.52620800	2.54043600	0.56359360	0.53983370	2.56424100	0.80419250	0.54331890	2.54143600
8.50000000	0.07536346	0.25097940	2.53269100	0.07230491	0.60194190	2.54217700	0.26993310	0.52619220	2.54045000	0.56351260	0.53978960	2.56426200	0.80411830	0.54333460	2.54155000
8.53333400	0.07564933	0.25109360	2.53279800	0.07259647	0.60218350	2.54234500	0.27012700	0.52627580	2.54075800	0.56351040	0.53978160	2.56428000	0.80411640	0.54329260	2.54145400
8.56666700	0.07557420	0.25111840	2.53288100	0.07294293	0.60218520	2.54262400	0.27005270	0.52634440	2.54083700	0.56344770	0.53962830	2.56436300	0.80405040	0.54337970	2.54143300
8.60000000	0.07570004	0.25129020	2.53306400	0.07318191	0.60258610	2.54299500	0.27009640	0.52639160	2.54090000	0.56353330	0.53959100	2.56434400	0.80414180	0.54339300	2.54148500
8.63333300	0.07564977	0.25132400	2.53317400	0.07299855	0.60244530	2.54309600	0.27012990	0.52633260	2.54098000	0.56362060	0.53949350	2.56439500	0.80424010	0.54343590	2.54179000
8.66666700	0.07546256	0.25139070	2.53322700	0.07268901	0.60226770	2.54295100	0.27017160	0.52635140	2.54111700	0.56363680	0.53941240	2.56444900	0.80426700	0.54331060	2.54200700
8.70000000	0.07548296	0.25151080	2.53337300	0.07269650	0.60227680	2.54307400	0.27011760	0.52636490	2.54138000	0.56357940	0.53939870	2.56448200	0.80421610	0.54320730	2.54206800
8.73333400	0.07538816	0.25166430	2.53339800	0.07298877	0.60247730	2.54305300	0.27004380	0.52638820	2.54142000	0.56336280	0.53942220	2.56449600	0.80401300	0.54288200	2.54219700
8.76666600	0.07535176	0.25165520	2.53353400	0.07298273	0.60243890	2.54336100	0.26995910	0.52647920	2.54148000	0.56331850	0.53941870	2.56453400	0.80397890	0.54271380	2.54235200
8.80000000	0.07533172	0.25152200	2.53372900	0.07306784	0.60241680	2.54336200	0.26987590	0.52652650	2.54151300	0.56040290	0.53749610	2.56481100	0.80102490	0.54326150	2.54281700
8.83333300	0.07533097	0.25151580	2.53375100	0.07304844	0.60236710	2.54319600	0.26976370	0.52649570	2.54152900	0.56075690	0.53761290	2.56498400	0.80137440	0.54321740	2.54268500
8.86666700	0.07532259	0.25151100	2.53377700	0.07304356	0.60199920	2.54323800	0.26982210	0.52646930	2.54172400	0.56077120	0.53761950	2.56498100	0.80140290	0.54286440	2.54280200
8.90000000	0.07537971	0.25141790	2.53393300	0.07321902	0.60154930	2.54345000	0.26974280	0.52648430	2.54197100	0.56125940	0.53765930	2.56518600	0.80188900	0.54278840	2.54280300
8.93333300	0.07546604	0.25116030	2.53440500	0.07437161	0.60257040	2.54524000	0.26940030	0.52613660	2.54184700	0.56127380	0.53767610	2.56523300	0.80194290	0.54254640	2.54380100
8.96666600	0.07547811	0.25118850	2.53447300	0.07433759	0.60262610	2.54523300	0.26908870	0.52590010	2.54179700	0.56146570	0.53777190	2.56539000	0.80214030	0.54259380	2.54400400
9.00000000	0.07527841	0.25117030	2.53467400	0.07416005	0.60209600	2.54534600	0.26906620	0.52587230	2.54189900	0.56178310	0.53780870	2.56550300	0.80245890	0.54261540	2.54404600
9.03333400	0.07528103	0.25111370	2.53478600	0.07403530	0.60180380	2.54547500	0.26892740	0.52563380	2.54191600	0.56186830	0.53785680	2.56550600	0.80254360	0.54195240	2.54352300
9.06666700	0.07532688	0.25092350	2.53517700	0.07396901	0.60145260	2.54571100	0.26906290	0.52578780	2.54218000	0.56192630	0.53791490	2.56555500	0.80260890	0.54193140	2.54364100
9.10000000	0.07536600	0.25085040	2.53536300	0.07400054	0.60165150	2.54612200	0.26888120	0.52557720	2.54233700	0.56202050	0.53774220	2.56575700	0.80270860	0.54162520	2.54383700
9.13333300	0.07529195	0.25072590	2.53563100	0.07418763	0.60163780	2.54630300	0.26876940	0.52555390	2.54265700	0.56207220	0.53774300	2.56577100	0.80276190	0.54176170	2.54386100
9.16666700	0.07552857	0.25081100	2.53582500	0.07469682	0.60164280	2.54663200	0.26879790	0.52520480	2.54276900	0.56117880	0.53743410	2.56639300	0.80189150	0.54096650	2.54486400
9.20000000	0.07540368	0.25092400	2.53598700	0.07465762	0.60187210	2.54691600	0.26872800	0.52518210	2.54278200	0.56125100	0.53734150	2.56648100	0.80197880	0.54103450	2.54542600
9.23333400	0.07536865	0.25068060	2.53631400	0.07432043	0.60157780	2.54769500	0.26868190	0.52514670	2.54281300	0.56126430	0.53744370	2.56651000	0.80199750	0.54120460	2.54557800
9.26666600	0.07561792	0.25078030	2.53659000	0.07436559	0.60158660	2.54788900	0.26873300	0.52497320	2.54293500	0.56149840	0.53750850	2.56662400	0.80224500	0.54102640	2.54592300
9.30000000	0.07561016	0.25077430	2.53662400	0.07437146	0.60159050	2.54790600	0.26873780	0.52501850	2.54308200	0.56169680	0.53765250	2.56673800	0.80244850	0.54069350	2.54586700
9.33333300	0.07551271	0.25074760	2.53684200	0.07411598	0.60151670	2.54809900	0.26861560	0.52492430	2.54330000	0.56178910	0.53772140	2.56686400	0.80254410	0.54046210	2.54585700
9.36666700	0.07557192	0.25081300	2.53712700	0.07386795	0.60150480	2.54865400	0.26880450	0.52488390	2.54340500	0.56187890	0.53756070	2.56726500	0.80263380	0.54089670	2.54639200
9.40000000	0.07554518	0.25077350	2.53731400	0.07403294	0.60189160	2.54883500	0.26879160	0.52481310	2.54354300	0.56200470	0.53762770	2.56728100	0.80276950	0.54110700	2.54670400
9.43333300	0.07552453	0.25066720	2.53751800	0.07394883	0.60209200	2.54920800	0.26830170	0.52460760	2.54338800	0.56242220	0.53769280	2.56742000	0.80318120	0.54155370	2.54668800
9.46666600	0.07559094	0.25061870	2.53771800	0.07411788	0.60198340	2.54964700	0.26838940	0.52450790	2.54357200	0.56297560	0.53775070	2.56740500	0.80374030	0.54153750	2.54667100
