0.00000000	0.09220516	0.24032490	2.55153300	0.09151074	0.58571380	2.55233400	0.27474110	0.48734070	2.55812000	0.50018910	0.31603930	2.56081700	0.71950120	0.22694220	2.50583200
0.03333334	0.09213126	0.24036350	2.55168600	0.09153870	0.58574310	2.55240200	0.27480720	0.48723050	2.55835100	0.49982240	0.31625510	2.56075000	0.71909460	0.22700340	2.50590200
0.06666667	0.09210409	0.24022350	2.55177100	0.09153183	0.58577790	2.55231700	0.27475340	0.48699450	2.55836500	0.49913560	0.31661730	2.56064800	0.71842740	0.22727810	2.50612300
0.10000000	0.09211444	0.24031000	2.55183600	0.09156010	0.58580630	2.55226900	0.27500620	0.48691360	2.55866600	0.49917670	0.31652800	2.56074200	0.71854370	0.22736050	2.50628500
0.13333330	0.09199760	0.24043610	2.55190300	0.09132950	0.58604600	2.55210200	0.27500170	0.48690970	2.55868100	0.49784960	0.31743950	2.56130000	0.71684170	0.22753290	2.50652500
0.16666670	0.09205750	0.24054300	2.55199700	0.09195334	0.58665220	2.55201400	0.27530960	0.48669380	2.55892200	0.49784270	0.31748610	2.56135200	0.71685310	0.22761470	2.50667000
0.20000000	0.09202984	0.24059400	2.55216100	0.09198837	0.58668970	2.55211300	0.27564310	0.48666340	2.55938300	0.49850920	0.31677530	2.56105400	0.71777760	0.22739150	2.50674300
0.23333330	0.09206422	0.24050040	2.55224500	0.09199396	0.58624560	2.55211800	0.27578900	0.48648260	2.55937800	0.49832390	0.31710400	2.56106200	0.71750620	0.22745200	2.50694000
0.26666670	0.09206231	0.24043350	2.55240700	0.09202113	0.58622900	2.55215600	0.27576660	0.48627900	2.55932800	0.50274670	0.31386650	2.56158700	0.72227620	0.22578110	2.50592100
0.30000000	0.09207507	0.24044640	2.55246400	0.09194642	0.58644830	2.55219700	0.27569750	0.48615940	2.55931400	0.50415810	0.31333520	2.56215100	0.72347000	0.22507150	2.50569000
0.33333330	0.09206475	0.24047120	2.55251600	0.09194200	0.58645320	2.55220700	0.27572830	0.48605010	2.55927900	0.50403770	0.31352070	2.56219000	0.72328220	0.22502070	2.50583500
0.36666670	0.09208430	0.24031620	2.55274300	0.09198859	0.58638000	2.55228400	0.27582680	0.48552830	2.55913600	0.50483820	0.31283860	2.56242100	0.72415580	0.22471460	2.50562000
0.40000000	0.09220912	0.24054700	2.55278500	0.09197690	0.58642260	2.55230800	0.27600820	0.48579790	2.55951000	0.50520710	0.31275680	2.56292700	0.72432110	0.22445980	2.50539900
0.43333330	0.09228685	0.24052800	2.55278600	0.09228209	0.58627090	2.55229700	0.27602960	0.48579770	2.55952500	0.50415310	0.31319000	2.56272100	0.72335990	0.22483310	2.50573700
0.46666670	0.09229102	0.24045000	2.55282500	0.09228835	0.58621760	2.55218200	0.27594960	0.48564040	2.55940700	0.50123690	0.31501340	2.56260400	0.72029760	0.22589600	2.50644600
0.50000000	0.09234576	0.24048760	2.55285100	0.09272848	0.58647690	2.55247000	0.27597370	0.48568640	2.55938800	0.50220840	0.31464340	2.56293300	0.72119630	0.22555970	2.50632500
0.53333340	0.09237303	0.24048440	2.55291500	0.09288177	0.58654220	2.55252400	0.27593420	0.48558580	2.55930500	0.50077650	0.31542890	2.56346600	0.71979550	0.22633430	2.50704800
0.56666670	0.09237227	0.24056850	2.55296300	0.09337247	0.58675710	2.55209900	0.27652220	0.48500930	2.55959500	0.50571390	0.31185890	2.56375900	0.72508940	0.22447230	2.50562700
0.60000000	0.09232116	0.24059850	2.55299300	0.09304484	0.58677550	2.55184300	0.27641310	0.48506580	2.55971400	0.50431030	0.31260180	2.56360400	0.72374900	0.22502780	2.50611900
0.63333330	0.09234179	0.24040120	2.55320500	0.09310313	0.58668700	2.55236100	0.27601470	0.48499750	2.55940700	0.50146950	0.31455860	2.56394500	0.72060720	0.22603390	2.50687100
0.66666670	0.09234595	0.24037200	2.55326200	0.09312460	0.58679010	2.55252900	0.27599960	0.48498710	2.55950700	0.50137480	0.31483150	2.56390300	0.72040750	0.22599740	2.50694300
0.70000000	0.09235417	0.24040100	2.55331900	0.09301931	0.58675270	2.55252900	0.27614660	0.48507030	2.55951200	0.50394680	0.31366310	2.56456200	0.72285580	0.22516920	2.50628200
0.73333330	0.09258929	0.24054100	2.55329600	0.09341864	0.58708940	2.55272700	0.27622820	0.48506380	2.55953700	0.50616850	0.31281320	2.56533400	0.72490620	0.22451800	2.50579200
0.76666670	0.09264302	0.24072770	2.55347700	0.09345438	0.58728090	2.55280100	0.27627460	0.48510480	2.55957100	0.50434650	0.31417850	2.56556300	0.72299840	0.22538030	2.50656200
0.80000000	0.09260750	0.24071140	2.55352600	0.09332921	0.58725670	2.55285500	0.27620010	0.48518150	2.55958700	0.50506030	0.31378140	2.56575700	0.72436620	0.22615410	2.50760400
0.83333330	0.09262146	0.24070040	2.55360500	0.09344973	0.58724710	2.55293100	0.27605870	0.48566840	2.55965900	0.50726930	0.31263830	2.56578100	0.72679990	0.22567510	2.50736000
0.86666670	0.09260271	0.24069850	2.55367200	0.09321404	0.58715780	2.55299100	0.27612650	0.48563250	2.55970200	0.50800370	0.31238510	2.56598800	0.72794350	0.22634710	2.50770500
0.90000000	0.09252043	0.24071190	2.55371100	0.09306180	0.58716350	2.55288100	0.27596160	0.48568890	2.55986600	0.50722360	0.31307910	2.56596900	0.72713580	0.22682630	2.50789800
0.93333330	0.09247324	0.24071040	2.55373500	0.09301800	0.58716090	2.55285900	0.27526920	0.48629310	2.56006500	0.50427340	0.31500550	2.56500700	0.72422520	0.22786110	2.50887300
0.96666660	0.09241331	0.24064170	2.55397000	0.09274361	0.58725850	2.55356700	0.27510200	0.48640980	2.56025400	0.50338250	0.31598960	2.56512500	0.72313310	0.22824500	2.50916400
1.00000000	0.09223938	0.24037490	2.55402900	0.09199526	0.58686260	2.55348500	0.27447650	0.48655310	2.56011100	0.50215230	0.31683310	2.56529100	0.72184720	0.22884710	2.50953100
1.03333300	0.09203866	0.24042080	2.55414300	0.09063260	0.58708230	2.55350000	0.27446470	0.48656590	2.56012500	0.50207560	0.31681860	2.56529500	0.72214090	0.22956720	2.50993100
1.06666700	0.09195580	0.24037620	2.55436700	0.09037483	0.58697470	2.55372600	0.27442950	0.48656580	2.56020200	0.50155010	0.31713000	2.56546300	0.72178010	0.23021290	2.51026800
1.10000000	0.09187523	0.24029240	2.55443500	0.09008545	0.58687240	2.55371100	0.27408240	0.48648620	2.56020400	0.50118110	0.31738170	2.56535700	0.72148750	0.23056890	2.51035400
1.13333300	0.09192936	0.24022660	2.55455400	0.09011128	0.58679180	2.55377500	0.27401670	0.48676890	2.56035500	0.50017600	0.31804010	2.56537800	0.72056930	0.23124840	2.51081900
1.16666700	0.09194894	0.24025040	2.55465700	0.09011415	0.58671140	2.55390000	0.27397950	0.48676440	2.56033300	0.49916030	0.31876930	2.56551800	0.71950280	0.23181840	2.51107100
1.20000000	0.09188448	0.24024340	2.55473100	0.09002493	0.58670160	2.55390700	0.27393640	0.48673900	2.56035600	0.49912600	0.31888650	2.56556700	0.71941450	0.23188680	2.51097800
1.23333300	0.09182025	0.24025590	2.55484700	0.09007373	0.58674090	2.55403100	0.27376390	0.48682080	2.56055700	0.49918440	0.31873570	2.56570500	0.71957520	0.23210880	2.51091800
1.26666700	0.09184165	0.24028120	2.55496000	0.09007321	0.58675660	2.55403000	0.27377360	0.48683520	2.56059600	0.49907940	0.31881050	2.56586100	0.71951690	0.23232730	2.51106400
1.30000000	0.09182306	0.24028410	2.55503700	0.09010918	0.58673120	2.55401000	0.27352450	0.48681230	2.56051700	0.49886090	0.31887630	2.56588800	0.71943660	0.23264090	2.51135100
1.33333300	0.09178638	0.24029350	2.55549600	0.09021904	0.58707250	2.55513500	0.27321580	0.48780540	2.56115600	0.49904410	0.31880690	2.56605800	0.71963740	0.23269910	2.51136800
1.36666700	0.09170539	0.24033300	2.55562900	0.09016552	0.58702590	2.55512200	0.27319960	0.48792390	2.56133700	0.49931560	0.31844810	2.56645300	0.72002460	0.23275200	2.51153500
1.40000000	0.09155570	0.24053600	2.55591600	0.09010117	0.58711640	2.55528500	0.27333060	0.48807280	2.56164000	0.49841610	0.31876140	2.56666400	0.71915850	0.23275260	2.51260100
1.43333300	0.09159425	0.24057770	2.55603800	0.09016568	0.58718760	2.55572100	0.27335980	0.48796680	2.56189900	0.49821160	0.31888980	2.56659300	0.71898370	0.23289420	2.51269200
1.46666700	0.09149927	0.24054940	2.55627100	0.09026890	0.58697790	2.55604200	0.27355430	0.48806700	2.56255300	0.49801090	0.31903320	2.56674200	0.71878340	0.23302200	2.51289500
1.50000000	0.09148296	0.24051820	2.55638800	0.09030604	0.58684360	2.55624500	0.27371780	0.48775410	2.56285600	0.49827690	0.31871100	2.56724400	0.71914230	0.23319120	2.51288200
1.53333300	0.09157986	0.24061320	2.55642100	0.09037931	0.58687340	2.55604900	0.27374450	0.48777020	2.56295300	0.49806310	0.31884660	2.56733800	0.71889480	0.23326320	2.51293100
1.56666700	0.09168391	0.24063330	2.55642600	0.09043028	0.58683930	2.55607700	0.27407050	0.48729360	2.56300500	0.49853860	0.31857280	2.56781700	0.71929460	0.23301740	2.51294600
1.60000000	0.09174039	0.24059460	2.55647400	0.09080496	0.58687680	2.55630100	0.27407540	0.48729600	2.56304800	0.49845240	0.31871490	2.56803900	0.71904700	0.23280720	2.51304000
1.63333300	0.09179976	0.24066290	2.55649300	0.09088630	0.58690310	2.55631800	0.27421100	0.48721000	2.56316600	0.49876670	0.31828480	2.56855000	0.71934720	0.23268670	2.51283000
1.66666700	0.09180033	0.24059150	2.55659600	0.09076811	0.58667180	2.55635900	0.27416730	0.48703270	2.56313200	0.49870180	0.31822930	2.56852700	0.71926610	0.23260150	2.51277300
1.70000000	0.09186041	0.24057710	2.55667800	0.09097756	0.58672790	2.55647100	0.27422490	0.48689100	2.56317800	0.49847710	0.31817760	2.56865100	0.71900180	0.23249100	2.51280200
1.73333300	0.09195807	0.24078540	2.55666600	0.09115251	0.58691410	2.55643100	0.27459650	0.48688030	2.56357400	0.49720760	0.31846100	2.56880500	0.71752180	0.23229810	2.51284200
1.76666700	0.09190006	0.24061010	2.55680300	0.09105055	0.58688110	2.55669400	0.27437700	0.48657560	2.56348000	0.49688720	0.31846650	2.56893800	0.71714610	0.23200390	2.51331200
1.80000000	0.08910287	0.24373460	2.55939200	0.08319503	0.58817170	2.55574700	0.27700100	0.49409540	2.56903300	0.51631460	0.45475190	2.56630500	0.66312420	0.62620150	2.47794100
1.83333300	0.08913300	0.24381540	2.55942200	0.08316657	0.58819200	2.55586600	0.27703630	0.49415560	2.56903600	0.51586310	0.45416120	2.56689800	0.66276450	0.62545320	2.47853800
1.86666700	0.08910555	0.24381840	2.55943300	0.08307154	0.58817320	2.55576400	0.27712890	0.49424430	2.56902100	0.51570490	0.45400680	2.56704300	0.66272040	0.62505870	2.47854200
1.90000000	0.08895689	0.24380740	2.55945100	0.08262488	0.58775080	2.55545700	0.27725720	0.49411020	2.56900900	0.51571380	0.45395930	2.56705400	0.66266340	0.62484960	2.47823400
1.93333300	0.08895590	0.24378440	2.55943300	0.08256364	0.58768390	2.55535700	0.27729620	0.49403460	2.56877100	0.51574590	0.45400140	2.56705500	0.66254690	0.62485970	2.47804600
1.96666700	0.08895545	0.24377410	2.55941200	0.08248025	0.58748340	2.55523200	0.27724620	0.49411380	2.56872900	0.51576860	0.45399820	2.56700800	0.66251820	0.62486960	2.47810500
2.00000000	0.08892179	0.24380270	2.55943700	0.08247289	0.58751170	2.55523100	0.27730590	0.49410290	2.56870600	0.51590690	0.45399730	2.56706000	0.66265000	0.62484550	2.47826200
2.03333300	0.08887438	0.24381860	2.55944200	0.08232474	0.58746510	2.55518300	0.27751860	0.49414640	2.56885500	0.51644330	0.45441550	2.56683400	0.66307430	0.62533020	2.47813700
2.06666700	0.08886973	0.24381650	2.55943100	0.08216952	0.58702760	2.55510100	0.27759380	0.49419570	2.56893000	0.51645590	0.45444120	2.56681600	0.66303860	0.62540640	2.47831100
2.10000000	0.08882316	0.24368160	2.55944300	0.08211236	0.58682880	2.55508800	0.27760130	0.49421250	2.56898000	0.51644690	0.45446130	2.56678500	0.66299390	0.62540230	2.47832200
2.13333300	0.08867085	0.24356480	2.55948800	0.08171159	0.58643390	2.55517300	0.27760360	0.49424480	2.56893300	0.51651850	0.45456390	2.56633400	0.66313080	0.62559290	2.47836600
2.16666700	0.08866948	0.24359520	2.55949800	0.08178565	0.58645300	2.55499000	0.27770360	0.49421760	2.56894000	0.51615300	0.45449710	2.56609900	0.66307390	0.62535650	2.47851900
2.20000000	0.08867809	0.24363240	2.55945700	0.08199579	0.58656100	2.55497200	0.27773060	0.49413120	2.56887700	0.51621940	0.45445580	2.56609200	0.66308180	0.62530370	2.47853400
2.23333300	0.08866806	0.24364790	2.55951600	0.08203606	0.58666580	2.55511300	0.27773200	0.49412310	2.56887000	0.51594190	0.45412070	2.56620500	0.66274680	0.62493610	2.47862100
2.26666700	0.08867804	0.24365040	2.55956200	0.08184470	0.58664390	2.55511800	0.27773080	0.49413760	2.56887100	0.51593260	0.45406270	2.56619500	0.66281070	0.62454680	2.47816200
2.30000000	0.08864689	0.24362950	2.55954500	0.08162424	0.58668260	2.55527100	0.27779290	0.49407040	2.56894000	0.51591300	0.45407910	2.56614200	0.66276590	0.62440470	2.47785900
2.33333300	0.08862159	0.24367640	2.55951200	0.08154509	0.58666490	2.55510800	0.27776770	0.49413480	2.56899200	0.51569790	0.45401190	2.56607400	0.66276590	0.62412380	2.47788900
2.36666700	0.08862527	0.24367560	2.55951700	0.08154119	0.58665720	2.55511900	0.27775620	0.49418960	2.56910700	0.51572760	0.45406960	2.56599200	0.66292100	0.62402740	2.47786700
2.40000000	0.08860347	0.24367370	2.55955500	0.08156262	0.58662170	2.55519300	0.27766270	0.49418630	2.56897700	0.51580060	0.45407600	2.56594800	0.66288220	0.62409450	2.47790300
2.43333300	0.08861736	0.24375200	2.55947200	0.08164399	0.58665040	2.55515000	0.27799000	0.49433790	2.56903000	0.51562830	0.45398030	2.56592600	0.66271710	0.62396200	2.47797300
2.46666700	0.08864894	0.24374270	2.55950200	0.08184391	0.58678160	2.55524100	0.27805190	0.49440860	2.56900500	0.51539710	0.45402970	2.56583800	0.66265170	0.62386320	2.47803700
2.50000000	0.08866954	0.24376990	2.55953900	0.08176805	0.58683850	2.55518100	0.27804580	0.49439420	2.56905400	0.51536420	0.45402880	2.56587300	0.66258470	0.62393800	2.47833900
2.53333300	0.08863638	0.24377200	2.55955700	0.08162539	0.58668640	2.55509400	0.27826000	0.49429100	2.56929000	0.51564620	0.45412050	2.56605900	0.66269590	0.62407710	2.47845600
2.56666700	0.08867622	0.24381500	2.55956500	0.08170292	0.58689580	2.55535900	0.27825180	0.49428720	2.56928800	0.51570520	0.45415910	2.56610000	0.66269510	0.62407040	2.47843400
2.60000000	0.08860029	0.24384050	2.55960900	0.08174676	0.58697380	2.55537100	0.27834690	0.49437250	2.56969200	0.51976000	0.45560780	2.56661400	0.66464380	0.62652710	2.47728300
2.63333300	0.08842653	0.24387150	2.55970100	0.08168088	0.58690540	2.55550500	0.27839510	0.49458830	2.57008900	0.51974990	0.45560230	2.56662500	0.66462490	0.62646370	2.47728600
2.66666700	0.08840384	0.24395780	2.55975800	0.08171516	0.58696410	2.55549800	0.27847810	0.49455390	2.57012000	0.51966460	0.45532100	2.56657600	0.66445930	0.62624560	2.47736300
2.70000000	0.08849434	0.24405490	2.55977200	0.08166726	0.58711810	2.55553300	0.27843670	0.49465730	2.57010100	0.51967670	0.45529610	2.56657400	0.66469200	0.62621080	2.47790000
2.73333300	0.08859144	0.24398910	2.55990200	0.08246108	0.58736710	2.55617400	0.27850120	0.49472280	2.57021200	0.51932730	0.45522110	2.56686900	0.66458990	0.62577780	2.47799900
2.76666700	0.08861937	0.24396180	2.55995800	0.08272083	0.58730050	2.55613600	0.27849150	0.49466240	2.57012200	0.51879750	0.45476210	2.56701600	0.66438410	0.62498960	2.47816600
2.80000000	0.08853682	0.24403740	2.56011800	0.08241657	0.58735720	2.55634600	0.27846520	0.49454090	2.57003500	0.51894440	0.45488580	2.56726800	0.66469220	0.62494950	2.47850000
2.83333300	0.08861499	0.24409980	2.56018000	0.08243434	0.58749300	2.55642400	0.27846380	0.49454780	2.57003500	0.51882080	0.45492870	2.56680300	0.66503050	0.62467180	2.47834700
2.86666700	0.08868835	0.24403980	2.56022600	0.08250368	0.58738340	2.55661000	0.27833710	0.49438320	2.56987900	0.51864700	0.45487310	2.56698500	0.66499720	0.62443450	2.47853200
2.90000000	0.08867630	0.24389860	2.56041600	0.08262689	0.58789600	2.55711100	0.27831530	0.49417420	2.56990400	0.51859810	0.45480520	2.56707100	0.66490480	0.62432780	2.47858500
2.93333300	0.08862437	0.24390430	2.56041400	0.08244989	0.58767780	2.55699400	0.27881280	0.49388660	2.57036600	0.51853970	0.45474910	2.56728000	0.66482520	0.62419890	2.47872800
2.96666700	0.08876229	0.24388010	2.56054200	0.08410173	0.58879020	2.55761300	0.27878370	0.49385060	2.57047300	0.51850790	0.45469950	2.56731800	0.66484900	0.62413650	2.47898400
3.00000000	0.08894620	0.24393850	2.56061100	0.08455297	0.58879210	2.55764700	0.27877950	0.49383600	2.57048900	0.51830810	0.45470150	2.56735000	0.66484340	0.62394840	2.47910800
3.03333300	0.08902527	0.24391140	2.56062300	0.08426408	0.58856460	2.55790400	0.27882590	0.49383170	2.57048600	0.51820210	0.45428800	2.56829900	0.66445570	0.62340510	2.47935500
3.06666700	0.08912797	0.24388500	2.56070600	0.08475494	0.58823140	2.55786000	0.27915970	0.49375010	2.57047100	0.51795160	0.45409460	2.56839700	0.66468830	0.62286250	2.47975000
3.10000000	0.08906336	0.24382940	2.56082700	0.08456519	0.58804290	2.55791200	0.27911030	0.49391650	2.57083700	0.51838020	0.45414450	2.56835500	0.66496720	0.62301080	2.47977600
3.13333300	0.08906452	0.24389750	2.56089100	0.08455007	0.58802240	2.55790300	0.27945080	0.49414290	2.57146900	0.51844520	0.45434030	2.56846300	0.66503190	0.62307820	2.47973800
3.16666700	0.08919808	0.24374860	2.56102500	0.08485825	0.58776310	2.55804700	0.27957590	0.49360470	2.57141600	0.51833290	0.45443310	2.56879900	0.66510780	0.62277620	2.47969800
3.20000000	0.08933656	0.24381220	2.56106100	0.08507618	0.58752830	2.55802200	0.27967180	0.49366220	2.57148900	0.51835830	0.45435140	2.56888300	0.66523550	0.62255010	2.47980200
3.23333300	0.08935579	0.24381800	2.56112300	0.08506205	0.58753380	2.55799400	0.27964090	0.49367210	2.57143300	0.51826900	0.45426030	2.56901800	0.66545530	0.62226160	2.48023800
3.26666700	0.08941675	0.24390470	2.56123000	0.08540669	0.58778440	2.55796800	0.27965480	0.49360220	2.57134100	0.51804260	0.45417130	2.56863000	0.66553770	0.62200990	2.48023100
3.30000000	0.08959748	0.24402900	2.56148500	0.08571386	0.58791000	2.55813600	0.27967220	0.49369770	2.57137800	0.51798900	0.45418340	2.56867400	0.66555310	0.62189900	2.48027500
3.33333300	0.08962224	0.24396950	2.56150600	0.08521970	0.58737260	2.55862800	0.27970770	0.49379940	2.57141900	0.51785570	0.45396610	2.56880500	0.66546350	0.62149580	2.48021900
3.36666700	0.09394632	0.28079570	2.55177000	0.09889636	0.63106170	2.55938400	0.28286610	0.54940400	2.54600200	0.56900110	0.54517880	2.55312900	0.80418300	0.56586850	2.54433100
3.40000000	0.09427178	0.28110060	2.55190500	0.10028990	0.63160150	2.55970900	0.28291220	0.54988940	2.54629300	0.56900790	0.54510060	2.55315600	0.80417440	0.56613550	2.54431500
3.43333300	0.09422708	0.28096800	2.55201600	0.09973332	0.63099950	2.56007800	0.28288160	0.54978900	2.54629500	0.56915650	0.54498950	2.55317200	0.80432430	0.56611500	2.54451800
3.46666700	0.09422930	0.28096510	2.55203400	0.09966255	0.63106150	2.56007100	0.28288720	0.54965190	2.54629500	0.56941400	0.54479760	2.55320400	0.80454190	0.56639270	2.54497700
3.50000000	0.09420917	0.28091940	2.55208500	0.09968983	0.63095740	2.56000500	0.28287630	0.54937790	2.54630800	0.56951010	0.54468940	2.55322800	0.80461010	0.56666370	2.54520100
3.53333300	0.09442850	0.28094700	2.55226400	0.09963580	0.63122310	2.56019500	0.28287170	0.54937080	2.54632300	0.56961950	0.54454740	2.55349600	0.80472350	0.56666700	2.54518300
3.56666700	0.09441875	0.28085430	2.55235800	0.09972649	0.63135760	2.56071100	0.28282190	0.54920510	2.54629900	0.56978090	0.54440490	2.55353300	0.80487950	0.56679550	2.54513200
3.60000000	0.09441424	0.28080930	2.55242200	0.09966221	0.63116710	2.56072300	0.28271860	0.54919270	2.54633800	0.56970520	0.54430480	2.55357900	0.80478640	0.56696120	2.54544800
3.63333300	0.09424417	0.28083590	2.55255400	0.09949286	0.63081070	2.56085700	0.28266440	0.54919600	2.54640200	0.56964920	0.54422410	2.55376100	0.80470660	0.56724010	2.54586600
3.66666700	0.09420749	0.28083380	2.55259300	0.09935962	0.63090750	2.56098200	0.28263300	0.54897780	2.54643500	0.56979590	0.54409530	2.55379600	0.80481110	0.56756040	2.54659500
3.70000000	0.09419940	0.28085400	2.55261700	0.09933264	0.63090900	2.56078200	0.28261490	0.54895090	2.54644800	0.56961480	0.54397730	2.55406800	0.80467080	0.56646320	2.54922000
3.73333300	0.09443189	0.28087510	2.55277400	0.09993697	0.63120690	2.56108900	0.28249680	0.54873590	2.54656700	0.56962330	0.54386610	2.55431900	0.80465630	0.56654200	2.55006000
3.76666700	0.09447213	0.28086020	2.55284300	0.09988395	0.63111190	2.56124900	0.28249830	0.54872850	2.54658600	0.56951430	0.54370490	2.55427200	0.80452760	0.56657060	2.55052800
3.80000000	0.09433710	0.28069970	2.55294000	0.09964287	0.63120040	2.56142700	0.28244210	0.54844300	2.54665600	0.56888400	0.54343830	2.55424200	0.80388270	0.56658780	2.55066400
3.83333300	0.09435960	0.28071530	2.55294100	0.09966449	0.63125870	2.56127000	0.28237430	0.54842570	2.54670700	0.56902160	0.54336270	2.55422900	0.80404720	0.56658100	2.55033900
3.86666700	0.09439210	0.28073350	2.55294800	0.09975398	0.63152020	2.56132700	0.28235960	0.54830610	2.54666300	0.56929610	0.54324670	2.55441800	0.80432520	0.56645750	2.55085700
3.90000000	0.09439614	0.28074470	2.55296400	0.09982367	0.63134770	2.56127300	0.28241800	0.54823500	2.54671600	0.56861880	0.54316320	2.55446600	0.80364670	0.56660190	2.55079300
3.93333300	0.09449476	0.28063060	2.55312300	0.09976415	0.63077020	2.56204900	0.28248800	0.54818830	2.54681600	0.56889890	0.54290080	2.55459800	0.80389800	0.56679460	2.55096500
3.96666700	0.09468208	0.28068180	2.55316500	0.09997686	0.63084580	2.56183500	0.28247360	0.54813550	2.54681600	0.56884060	0.54291650	2.55466700	0.80386370	0.56686220	2.55078700
4.00000000	0.09478367	0.28094250	2.55321700	0.10021540	0.63098260	2.56170900	0.28362210	0.54973220	2.54766500	0.56898000	0.54295180	2.55468500	0.80401240	0.56689800	2.55092300
4.03333300	0.09488192	0.28094960	2.55326100	0.10044980	0.63139300	2.56169200	0.28359980	0.54949980	2.54755200	0.56879990	0.54299830	2.55468900	0.80386460	0.56700730	2.55032700
4.06666700	0.09481137	0.28099620	2.55329700	0.10044750	0.63136270	2.56164400	0.28400960	0.55051220	2.54803800	0.56861220	0.54302410	2.55471000	0.80370000	0.56698830	2.55020400
4.10000000	0.09522650	0.28097440	2.55358100	0.10064070	0.63100930	2.56202500	0.28440580	0.55090240	2.54842700	0.56851010	0.54306470	2.55473900	0.80360910	0.56707410	2.55010100
4.13333300	0.09519763	0.28096110	2.55360200	0.10058540	0.63090880	2.56197400	0.28426050	0.55066850	2.54836100	0.56956820	0.54323420	2.55495200	0.80464160	0.56759040	2.55033300
4.16666700	0.09521750	0.28094190	2.55361400	0.10049780	0.63084630	2.56195300	0.28412450	0.55025020	2.54820600	0.56954830	0.54325960	2.55499600	0.80463210	0.56765090	2.55029400
4.20000000	0.09523849	0.28109580	2.55367600	0.10029440	0.63086190	2.56199000	0.28447050	0.55062820	2.54840900	0.56980850	0.54331870	2.55507700	0.80490870	0.56784350	2.54995800
4.23333300	0.09523194	0.28113150	2.55370500	0.10039730	0.63081060	2.56195300	0.28464760	0.55093680	2.54846000	0.56974140	0.54331500	2.55506700	0.80481280	0.56827990	2.54982300
4.26666700	0.09523478	0.28105760	2.55372200	0.10108170	0.63083610	2.56176800	0.28445040	0.55065410	2.54834500	0.56973600	0.54332540	2.55505800	0.80481050	0.56834850	2.54985600
4.30000000	0.09534302	0.28107150	2.55376800	0.10136180	0.63101990	2.56177800	0.28452980	0.55027720	2.54826600	0.57044070	0.54341680	2.55516200	0.80552790	0.56855400	2.54964900
4.33333300	0.09542846	0.28091860	2.55384400	0.10150640	0.63093050	2.56209500	0.28436920	0.54986250	2.54804700	0.56890270	0.54351960	2.55489900	0.80403520	0.56821320	2.54976600
4.36666700	0.09584482	0.28086820	2.55400800	0.10186550	0.63084690	2.56248800	0.28423740	0.54967750	2.54780900	0.56914070	0.54355700	2.55490000	0.80428700	0.56827600	2.54972200
4.40000000	0.09587003	0.28088190	2.55401700	0.10193780	0.63084200	2.56246000	0.28416440	0.54957150	2.54779600	0.56914000	0.54355960	2.55491300	0.80432390	0.56801520	2.54978200
4.43333300	0.09592862	0.28082920	2.55408400	0.10204800	0.63080500	2.56266400	0.28414370	0.54951080	2.54780300	0.56932420	0.54370000	2.55516700	0.80452590	0.56820760	2.54983500
4.46666700	0.09599302	0.28084810	2.55411700	0.10281240	0.63096310	2.56286500	0.28422670	0.54934140	2.54765600	0.56930070	0.54371460	2.55515100	0.80452220	0.56814040	2.54985900
4.50000000	0.09615554	0.28103160	2.55414000	0.10350160	0.63145520	2.56275200	0.28473260	0.54984890	2.54777100	0.56929330	0.54373850	2.55514900	0.80459170	0.56767120	2.54941100
4.53333300	0.09618191	0.28105610	2.55411600	0.10349800	0.63135180	2.56252700	0.28472740	0.54970790	2.54771900	0.57041920	0.54365690	2.55476500	0.80565920	0.56826700	2.54910400
4.56666700	0.09629296	0.28116260	2.55417100	0.10356730	0.63148920	2.56261400	0.28499760	0.55009730	2.54789200	0.57043870	0.54365990	2.55477800	0.80567500	0.56848040	2.54903000
4.60000000	0.09631807	0.28108620	2.55419800	0.10378870	0.63148760	2.56280600	0.28493420	0.55004910	2.54785600	0.57277610	0.54380660	2.55503400	0.80798960	0.56901910	2.54916600
4.63333300	0.09636180	0.28095770	2.55418800	0.10377070	0.63148040	2.56281100	0.28483350	0.54954300	2.54758300	0.57279010	0.54381920	2.55501400	0.80800500	0.56912030	2.54934300
4.66666700	0.09626277	0.28098400	2.55421000	0.10363200	0.63144470	2.56299200	0.28545730	0.55030670	2.54808500	0.57263400	0.54385450	2.55495300	0.80789020	0.56895170	2.54911200
4.70000000	0.09636270	0.28093630	2.55424200	0.10365310	0.63145200	2.56314800	0.28538470	0.55017860	2.54798000	0.57273640	0.54388270	2.55510300	0.80801340	0.56893370	2.54917000
4.73333300	0.09647353	0.28096770	2.55419600	0.10362450	0.63154550	2.56298600	0.28538800	0.55011740	2.54788400	0.57278420	0.54390340	2.55523700	0.80802390	0.56940060	2.54931200
4.76666700	0.09665667	0.28084050	2.55418600	0.10401960	0.63175670	2.56308800	0.28543920	0.54999780	2.54775700	0.57313770	0.54384330	2.55542200	0.80837960	0.56948870	2.54938300
4.80000000	0.09665304	0.28081160	2.55415900	0.10398890	0.63171140	2.56307300	0.28545110	0.54993390	2.54771000	0.57348220	0.54379890	2.55553000	0.80872000	0.56965610	2.54940500
4.83333300	0.09657421	0.28081400	2.55420200	0.10379330	0.63165120	2.56327000	0.28604390	0.55078340	2.54823500	0.57364860	0.54376030	2.55551600	0.80883710	0.57016620	2.54956900
4.86666700	0.09681015	0.28076980	2.55431200	0.10373050	0.63158720	2.56345500	0.28649990	0.55139550	2.54853100	0.57369830	0.54376760	2.55553700	0.80890000	0.57013910	2.54969900
4.90000000	0.09682146	0.28072470	2.55432000	0.10364050	0.63161370	2.56362200	0.28645500	0.55106790	2.54851200	0.57395110	0.54372450	2.55586400	0.80913750	0.57048350	2.54962000
4.93333300	0.06532950	0.19822070	2.54131800	-0.08600765	0.50610850	2.54137100	0.13016380	0.54551060	2.55900500	0.43652390	0.59934630	2.61071400	0.67453530	0.63855020	2.61402200
4.96666700	0.06436780	0.20112570	2.54150300	-0.08589904	0.50618500	2.54136900	0.13318890	0.55551400	2.56281800	0.44152020	0.60193480	2.61142300	0.67500580	0.63994480	2.61350200
5.00000000	0.06450314	0.20108740	2.54149700	-0.08503482	0.50678240	2.54147800	0.13536070	0.55210130	2.56124100	0.44269330	0.60257120	2.61125800	0.67594370	0.64150580	2.61439300
5.03333300	0.06438270	0.20162220	2.54135100	-0.08695445	0.50892980	2.54130000	0.13620170	0.55028930	2.55993200	0.44289060	0.60312870	2.61087000	0.67614600	0.64204850	2.61383300
5.06666700	0.06401717	0.20199420	2.54112600	-0.08766744	0.50950160	2.54102500	0.13441920	0.54718910	2.55786500	0.44042300	0.60294010	2.60941900	0.67363610	0.64220850	2.61331500
5.10000000	0.06415246	0.20207350	2.54101900	-0.08715408	0.50939580	2.54089900	0.13433010	0.54621320	2.55714400	0.44010710	0.60308800	2.60872700	0.67314520	0.64281920	2.61254700
5.13333300	0.06432449	0.20223460	2.54095200	-0.08670712	0.50971470	2.54087100	0.13668440	0.54487250	2.55624500	0.44197950	0.60366870	2.60823400	0.67501760	0.64341630	2.61188200
5.16666700	0.06435073	0.20247330	2.54082600	-0.08493178	0.51041410	2.54098600	0.13694920	0.54488480	2.55597500	0.44246870	0.60378400	2.60695000	0.67547020	0.64368180	2.61060000
5.20000000	0.06441794	0.20238790	2.54054200	-0.08536662	0.51016340	2.54036100	0.13604710	0.54371170	2.55498600	0.44132330	0.60382000	2.60593500	0.67429350	0.64375800	2.60977600
5.23333300	0.06445439	0.20274100	2.54033600	-0.08528629	0.51025870	2.54020100	0.13638210	0.54366100	2.55472800	0.44323400	0.60484520	2.59829400	0.67565080	0.64541080	2.60736600
5.26666700	0.06469869	0.20280320	2.54010500	-0.08490945	0.51016630	2.53990300	0.13625510	0.54309500	2.55417300	0.44227400	0.60534890	2.60036100	0.67496340	0.64567320	2.60687500
5.30000000	0.06673199	0.20114380	2.53913500	-0.08518960	0.50992450	2.53967700	0.11944980	0.53110530	2.54143000	0.42230620	0.60018160	2.59440100	0.67351880	0.64558080	2.60668200
5.33333300	0.06615251	0.20109270	2.53907400	-0.08520675	0.50988200	2.53973200	0.12042130	0.53887880	2.54558600	0.42530920	0.60185930	2.59582000	0.67314350	0.64635210	2.60630300
5.36666700	0.06581287	0.20101250	2.53895500	-0.08514342	0.50905360	2.53953900	0.12299610	0.53866230	2.54635000	0.42776140	0.60243370	2.59641900	0.67319690	0.64781400	2.60480200
5.40000000	0.06579496	0.20102120	2.53889300	-0.08480468	0.50915740	2.53950700	0.12117530	0.54340150	2.54782400	0.42714850	0.60280950	2.59657400	0.67255190	0.64823910	2.60474700
5.43333300	0.06577089	0.20112720	2.53872600	-0.08488056	0.50936370	2.53933000	0.12015290	0.54439260	2.54797400	0.42634560	0.60296170	2.59648500	0.67339300	0.64916010	2.60480100
5.46666700	0.06579340	0.20105890	2.53869200	-0.08481057	0.50951130	2.53937900	0.12008950	0.54508360	2.54856300	0.42644550	0.60299060	2.59690500	0.67297980	0.64942470	2.60431600
5.50000000	0.06571592	0.20115040	2.53850100	-0.08514890	0.50937680	2.53868400	0.11785130	0.54720490	2.54853200	0.42465520	0.60296250	2.59665900	0.67318840	0.64992110	2.60362000
5.53333300	0.06600975	0.20164650	2.53825400	-0.08389612	0.50964900	2.53842800	0.11765760	0.54753150	2.54864100	0.42452140	0.60295800	2.59675500	0.67271880	0.65019940	2.60358400
5.56666700	0.06603472	0.20177770	2.53786000	-0.08216265	0.50781850	2.53621500	0.11577480	0.54836030	2.54833000	0.42280760	0.60279280	2.59647100	0.67275860	0.65040550	2.60344700
5.60000000	0.06570332	0.20195200	2.53768000	-0.08205679	0.50781120	2.53607500	0.12840250	0.54512250	2.54814600	0.43382380	0.60441590	2.59910200	0.67275140	0.65115430	2.60329000
5.63333300	0.06546275	0.20190000	2.53750300	-0.08341773	0.50719430	2.53547000	0.12624920	0.54551190	2.54843900	0.43196730	0.60420780	2.59864300	0.67235310	0.65148400	2.60264800
5.66666700	0.06434049	0.20319490	2.53744000	-0.08304795	0.50686590	2.53525100	0.12490440	0.54685180	2.54861600	0.43094950	0.60432760	2.59841100	0.67217250	0.65162720	2.60259300
5.70000000	0.06506627	0.20229750	2.53733300	-0.08204433	0.50772610	2.53555800	0.13043490	0.54775830	2.55038500	0.43650090	0.60549340	2.59985700	0.67210440	0.65182670	2.60275300
5.73333300	0.06523269	0.20223250	2.53729700	-0.08099426	0.50957890	2.53618500	0.12739740	0.54760190	2.54951100	0.43350190	0.60536540	2.59876900	0.67237450	0.65203940	2.60250300
5.76666700	0.06532851	0.20056060	2.53714900	-0.08205733	0.50924160	2.53619600	0.12022080	0.54749640	2.54809800	0.42654310	0.60445640	2.59706200	0.67285160	0.65250870	2.60231300
5.80000000	0.06569587	0.20066380	2.53704600	-0.08143454	0.50952110	2.53606100	0.11597690	0.54786240	2.54721800	0.42244760	0.60406230	2.59613900	0.67250380	0.65256490	2.60204900
5.83333300	0.06575008	0.20075730	2.53701500	-0.08206296	0.50920720	2.53570700	0.11483900	0.54848780	2.54704600	0.42129190	0.60449670	2.59617400	0.67215150	0.65274180	2.60187000
5.86666700	0.06585149	0.20085320	2.53700400	-0.08248794	0.51051820	2.53612000	0.11475850	0.54887520	2.54697400	0.42125060	0.60474970	2.59603500	0.67209020	0.65280190	2.60184000
5.90000000	0.06581941	0.20088840	2.53696600	-0.08270641	0.50994010	2.53580800	0.11458510	0.54898050	2.54695700	0.42106340	0.60497130	2.59598200	0.67241670	0.65296700	2.60204900
5.93333300	0.06530248	0.20113660	2.53688600	-0.08278400	0.50956350	2.53572600	0.12399850	0.54639330	2.54779100	0.42948610	0.60608670	2.59795800	0.67266090	0.65300980	2.60183800
5.96666700	0.06579118	0.20087800	2.53671400	-0.08298346	0.50918940	2.53516000	0.12221190	0.54717640	2.54755500	0.42791310	0.60595310	2.59755700	0.67298500	0.65300420	2.60173700
6.00000000	0.06572491	0.20117720	2.53677600	-0.08218577	0.50985460	2.53539400	0.12734490	0.54544230	2.54852300	0.43302150	0.60640760	2.59692300	0.67328690	0.65314940	2.60162600
6.03333300	0.06585521	0.20122520	2.53677500	-0.08206972	0.50986180	2.53534900	0.12119480	0.54735830	2.54881100	0.42712860	0.60569780	2.59820300	0.67271810	0.65319540	2.60156700
6.06666700	0.06610081	0.20124310	2.53689000	-0.08140925	0.51019730	2.53573000	0.12014230	0.54782490	2.54941200	0.42633080	0.60563650	2.59814900	0.67269860	0.65336620	2.60155000
6.10000000	0.06637775	0.20162460	2.53707000	-0.08032790	0.51218600	2.53631300	0.11985340	0.54833430	2.54940400	0.42606650	0.60608930	2.59807700	0.67263880	0.65352950	2.60132100
6.13333300	0.06644295	0.20169310	2.53709700	-0.08073646	0.51243030	2.53622600	0.11910880	0.54837260	2.54922500	0.42533440	0.60589490	2.59801600	0.67302760	0.65374980	2.60131900
6.16666700	0.06643753	0.20166600	2.53717000	-0.08143968	0.51317910	2.53622500	0.11905630	0.54853140	2.54950300	0.42536970	0.60566150	2.59822100	0.67293390	0.65374620	2.60132200
6.20000000	0.06681144	0.20263190	2.53764800	-0.08085430	0.51495140	2.53700500	0.12024210	0.54824520	2.54954700	0.42639720	0.60595010	2.59845400	0.67300490	0.65376650	2.60124000
6.23333300	0.06714532	0.20328490	2.53787400	-0.08082046	0.51542690	2.53734400	0.12040270	0.54826580	2.54959300	0.42656370	0.60588310	2.59851600	0.67300180	0.65369220	2.60083700
6.26666700	0.06970019	0.20089790	2.53761100	-0.08036278	0.51525280	2.53734000	0.11162820	0.53783390	2.54220800	0.41543160	0.60249020	2.59485700	0.67289940	0.65358390	2.60043300
6.30000000	0.06886914	0.20078820	2.53774600	-0.07981841	0.51548380	2.53724100	0.11856690	0.54700930	2.54986900	0.42478140	0.60537640	2.59796500	0.67308500	0.65348040	2.60029600
6.33333300	0.06894113	0.20134600	2.53785200	-0.07948118	0.51568650	2.53723300	0.11911530	0.54783530	2.55039300	0.42551670	0.60549580	2.59823800	0.67352830	0.65336410	2.60002000
6.36666700	0.06980780	0.20109150	2.53791800	-0.07642429	0.51687850	2.53874300	0.11217120	0.53963340	2.54484900	0.41677810	0.60286280	2.59547700	0.67398850	0.65320940	2.60000300
6.40000000	0.06983197	0.20123050	2.53800400	-0.07498062	0.51682350	2.53910800	0.11497050	0.54138410	2.54618400	0.41992980	0.60345920	2.59634100	0.67429800	0.65293900	2.60008600
6.43333300	0.06976033	0.20118670	2.53796300	-0.07522018	0.51660290	2.53898400	0.11479790	0.53972820	2.54546600	0.41955710	0.60278630	2.59560600	0.67436800	0.65261770	2.60012800
6.46666700	0.06934337	0.20111880	2.53799300	-0.07498900	0.51627670	2.53885300	0.11781750	0.54365410	2.54797100	0.42346880	0.60385640	2.59682500	0.67449670	0.65232730	2.60033900
6.50000000	0.06919133	0.20207070	2.53823200	-0.07228492	0.51779650	2.53959900	0.12277690	0.54903820	2.55207300	0.42976690	0.60522410	2.59851100	0.67570660	0.65148540	2.60105700
6.53333300	0.06999847	0.20239790	2.53843800	-0.07183896	0.51858510	2.54029900	0.12068990	0.54416850	2.54968500	0.42668930	0.60387290	2.59744400	0.67557140	0.65124960	2.60113100
6.56666700	0.13075700	0.26406140	2.53986500	0.15507950	0.60044490	2.53713800	0.32912410	0.49835890	2.51708700	0.57767210	0.38404800	2.49713600	0.80501970	0.32242720	2.46017800
6.60000000	0.13087570	0.26407170	2.53984300	0.15498530	0.60042840	2.53719500	0.32937600	0.49856650	2.51709700	0.57755760	0.38427900	2.49719000	0.80479160	0.32230930	2.46019400
6.63333300	0.13102000	0.26397240	2.53967500	0.15466920	0.59976710	2.53636000	0.32941410	0.49861120	2.51709600	0.57758220	0.38457990	2.49735500	0.80540350	0.32450520	2.46128900
6.66666700	0.13113760	0.26390500	2.53959200	0.15482910	0.59973000	2.53625700	0.32966850	0.49853400	2.51703400	0.57897030	0.38465240	2.49754900	0.80635080	0.32271640	2.46222800
6.70000000	0.13126690	0.26402350	2.53950100	0.15474260	0.59975230	2.53619800	0.32998090	0.49867800	2.51708800	0.57861480	0.38486600	2.49765800	0.80698960	0.32570430	2.46538100
6.73333300	0.13130670	0.26411850	2.53949900	0.15467720	0.59986120	2.53647000	0.33012010	0.49857990	2.51705500	0.57881470	0.38499340	2.49780500	0.80708300	0.32521190	2.46637500
6.76666700	0.13130020	0.26409330	2.53948800	0.15457100	0.59977050	2.53650400	0.33024650	0.49855660	2.51706800	0.57863270	0.38514590	2.49795500	0.80726180	0.32641110	2.46787400
6.80000000	0.13135390	0.26414030	2.53944600	0.15459160	0.60000150	2.53638200	0.33028810	0.49855640	2.51704400	0.57874230	0.38551030	2.49834300	0.80713560	0.32594460	2.46813900
6.83333300	0.13135310	0.26420100	2.53937600	0.15452330	0.60003570	2.53628100	0.33030190	0.49857770	2.51706800	0.57926230	0.38558900	2.49854200	0.80776240	0.32846280	2.46248700
6.86666700	0.13138690	0.26423180	2.53935400	0.15392690	0.59956010	2.53600000	0.33032520	0.49868500	2.51699400	0.57932970	0.38561030	2.49861200	0.81122290	0.33886270	2.48080600
6.90000000	0.13154960	0.26427620	2.53932600	0.15395980	0.59985880	2.53602900	0.33033270	0.49869990	2.51699900	0.57933100	0.38561710	2.49870500	0.80723110	0.32472780	2.46713800
6.93333300	0.13162220	0.26427660	2.53930400	0.15383810	0.59979840	2.53587900	0.33055720	0.49863700	2.51690500	0.57922750	0.38572900	2.49886300	0.80703980	0.32477710	2.46658100
6.96666700	0.13176720	0.26437660	2.53921200	0.15384080	0.59999010	2.53559900	0.33066560	0.49873720	2.51696200	0.57898830	0.38588020	2.49907700	0.80718270	0.32678800	2.46568700
7.00000000	0.13196120	0.26438200	2.53931000	0.15405920	0.60021820	2.53620700	0.33063460	0.49882580	2.51716500	0.58110790	0.38549500	2.50002300	0.81193300	0.33446510	2.47813000
7.03333300	0.13218720	0.26437150	2.53931200	0.15415710	0.60022990	2.53626300	0.33064180	0.49887240	2.51722300	0.58164450	0.38559070	2.50029000	0.80992850	0.32675430	2.46747500
7.06666700	0.13227690	0.26441080	2.53932000	0.15392120	0.59961790	2.53583300	0.33107270	0.49928930	2.51781100	0.58125530	0.38564680	2.50033500	0.80950940	0.32680620	2.46734800
7.10000000	0.13239180	0.26440020	2.53934700	0.15398720	0.59969100	2.53592300	0.33107610	0.49937240	2.51777800	0.58179920	0.38574580	2.50037400	0.80947950	0.32430460	2.46892600
7.13333300	0.13245930	0.26434690	2.53938100	0.15403170	0.59962250	2.53608600	0.33106840	0.49939670	2.51780900	0.58192070	0.38575780	2.50037100	0.81011680	0.32628890	2.46901000
7.16666700	0.13246520	0.26432510	2.53939700	0.15364330	0.59902930	2.53609600	0.33112470	0.49944150	2.51789000	0.58205990	0.38577370	2.50047500	0.81051910	0.32767920	2.46817400
7.20000000	0.13271940	0.26396260	2.53953800	0.15389720	0.59887000	2.53680600	0.33101530	0.49934490	2.51794000	0.58237490	0.38575730	2.50050700	0.81111380	0.32852290	2.46917600
7.23333300	0.13290290	0.26372020	2.53960900	0.15412560	0.59892590	2.53702500	0.33102430	0.49933930	2.51792700	0.58333490	0.38576810	2.50091700	0.81276740	0.33174050	2.46868400
7.26666700	0.13297140	0.26369620	2.53958800	0.15412970	0.59894690	2.53701500	0.33099490	0.49925820	2.51784000	0.58379370	0.38574910	2.50095300	0.81291740	0.33051620	2.46861100
7.30000000	0.13305600	0.26370130	2.53957600	0.15393700	0.59879890	2.53669700	0.33100460	0.49928010	2.51782400	0.58342790	0.38583790	2.50124000	0.81247890	0.33047180	2.46854100
7.33333300	0.13317500	0.26373730	2.53958200	0.15408100	0.59890030	2.53668400	0.33077730	0.49929900	2.51769600	0.58343400	0.38582780	2.50126200	0.81226580	0.32998000	2.46750500
7.36666700	0.13338880	0.26367550	2.53971300	0.15482830	0.59933930	2.53768600	0.33082990	0.49933690	2.51775700	0.58382800	0.38577100	2.50113800	0.81261090	0.32973130	2.46747200
7.40000000	0.13336310	0.26367640	2.53971500	0.15447220	0.59930720	2.53784900	0.33096220	0.49917870	2.51781300	0.58464320	0.38563970	2.50173300	0.81336120	0.32962980	2.46737100
7.43333300	0.13337690	0.26374400	2.53969900	0.15447370	0.59953510	2.53771400	0.33097370	0.49913370	2.51793200	0.58455750	0.38565330	2.50188200	0.81647200	0.34085340	2.47900700
7.46666700	0.13361400	0.26386450	2.53983600	0.15488110	0.59973780	2.53786400	0.33097660	0.49912770	2.51791800	0.58499890	0.38565590	2.50206800	0.81654310	0.33923830	2.47822500
7.50000000	0.13367620	0.26405180	2.53982600	0.15503020	0.59991870	2.53770900	0.33098360	0.49917550	2.51798700	0.58514700	0.38570740	2.50219200	0.81361010	0.33030090	2.46411400
7.53333300	0.13368190	0.26402380	2.53982600	0.15514410	0.60005330	2.53794500	0.33077870	0.49915760	2.51798300	0.58533750	0.38568210	2.50247200	0.81405160	0.32867770	2.47150500
7.56666700	0.13360260	0.26416320	2.53981400	0.15477310	0.60021000	2.53779300	0.33089830	0.49915440	2.51791000	0.58483590	0.38575650	2.50271900	0.81409750	0.33241140	2.46792900
7.60000000	0.13357540	0.26434390	2.53974900	0.15482610	0.60063060	2.53739900	0.33102550	0.49917360	2.51798600	0.58467820	0.38591580	2.50295800	0.81385310	0.33231060	2.46800000
7.63333300	0.13351300	0.26435470	2.53972200	0.15443770	0.60034860	2.53699800	0.33097680	0.49918060	2.51798500	0.58455370	0.38598870	2.50297900	0.81565220	0.33766180	2.47904200
7.66666700	0.13350800	0.26433200	2.53972800	0.15453320	0.60039050	2.53720600	0.33080790	0.49900320	2.51798300	0.58484320	0.38594880	2.50296800	0.81468410	0.33243030	2.47698100
7.70000000	0.13344020	0.26441820	2.53974900	0.15448990	0.60049960	2.53725900	0.33091760	0.49896210	2.51802900	0.58487990	0.38596560	2.50291800	0.81488070	0.33326530	2.47654600
7.73333300	0.13336430	0.26440900	2.53975100	0.15407970	0.60032900	2.53727400	0.33067620	0.49893880	2.51822600	0.58492200	0.38596700	2.50292600	0.81419240	0.33252240	2.46896600
7.76666700	0.13327980	0.26437200	2.53971700	0.15391550	0.60035750	2.53722700	0.33056190	0.49891740	2.51821900	0.58526760	0.38603970	2.50295700	0.81602500	0.33707140	2.47568100
7.80000000	0.13318760	0.26433170	2.53976700	0.15383990	0.60027240	2.53761600	0.33040110	0.49868690	2.51819800	0.58531970	0.38609590	2.50304500	0.81614660	0.33754740	2.47556800
7.83333300	0.13313170	0.26431590	2.53981500	0.15327880	0.60015620	2.53775700	0.33024410	0.49865490	2.51818600	0.58521150	0.38615050	2.50293400	0.81453690	0.33138760	2.47391000
7.86666700	0.13298470	0.26410680	2.53982200	0.15285230	0.59985420	2.53760900	0.33007750	0.49858720	2.51817400	0.58521010	0.38615370	2.50293700	0.81423500	0.33039800	2.47313000
7.90000000	0.13293020	0.26404850	2.53988700	0.15314380	0.59989350	2.53842800	0.33008710	0.49858040	2.51816100	0.58473510	0.38641050	2.50315400	0.81358710	0.33020260	2.47258700
7.93333300	0.13286420	0.26406610	2.53991200	0.15298930	0.60002500	2.53847600	0.33003950	0.49869180	2.51815300	0.58489950	0.38642900	2.50324300	0.81327140	0.32833860	2.47263400
7.96666700	0.13278550	0.26400290	2.53997700	0.15279980	0.60003520	2.53861400	0.32992890	0.49872060	2.51813700	0.58500310	0.38640280	2.50321400	0.81350990	0.33148120	2.46550200
8.00000000	0.13268220	0.26394920	2.54002400	0.15263770	0.59996830	2.53873200	0.32989390	0.49873110	2.51820600	0.58500510	0.38641060	2.50321100	0.81360760	0.33199480	2.46531900
8.03333400	0.13258040	0.26400010	2.54007800	0.15254940	0.60010000	2.53893700	0.32979740	0.49871240	2.51822600	0.58435940	0.38654120	2.50334000	0.81300860	0.33244800	2.46523000
8.06666700	0.13251420	0.26404530	2.54014500	0.15251430	0.60000980	2.53899000	0.32967160	0.49874580	2.51826100	0.58353190	0.38681890	2.50324600	0.81483160	0.34008420	2.47857300
8.10000000	0.13239370	0.26390140	2.54020100	0.15197470	0.59924040	2.53885400	0.32929720	0.49870450	2.51834900	0.58168020	0.38765650	2.50340200	0.81120670	0.33690040	2.46655300
8.13333300	0.13237600	0.26382480	2.54026800	0.15243320	0.59940530	2.53925200	0.32897360	0.49849830	2.51840500	0.58139430	0.38786770	2.50356900	0.81306930	0.34248670	2.48188800
8.16666700	0.13227430	0.26389510	2.54038900	0.15238110	0.59942260	2.53925700	0.32883760	0.49850810	2.51855800	0.58224120	0.38746510	2.50360900	0.81121080	0.33055080	2.47874700
8.20000000	0.13223960	0.26390550	2.54038700	0.15231910	0.59943110	2.53917200	0.32863780	0.49852620	2.51868500	0.58224840	0.38769300	2.50378600	0.81067530	0.32876940	2.47843300
8.23333400	0.13221010	0.26378460	2.54043200	0.15231350	0.59943860	2.53920900	0.32846630	0.49842890	2.51868300	0.58198450	0.38786130	2.50378400	0.81028810	0.33162370	2.46788300
8.26666600	0.10517220	0.27322200	2.54172300	0.11584640	0.60976890	2.53357700	0.29782800	0.53224350	2.53105000	0.57364440	0.52456360	2.52878500	0.80673970	0.54373460	2.49251500
8.30000000	0.10511450	0.27319060	2.54176800	0.11530200	0.60877350	2.53354700	0.29794310	0.53214240	2.53121300	0.57218640	0.52397560	2.52934400	0.80508950	0.54384800	2.49194600
8.33333300	0.10511960	0.27314070	2.54179000	0.11532220	0.60872250	2.53350400	0.29791380	0.53205480	2.53124800	0.57253090	0.52377640	2.52951100	0.80530060	0.54397620	2.49129300
8.36666700	0.10511620	0.27315230	2.54181700	0.11517940	0.60852400	2.53333100	0.29791520	0.53190880	2.53138000	0.57264750	0.52375100	2.52956700	0.80629840	0.54816750	2.51342100
8.40000000	0.10501760	0.27316030	2.54189400	0.11513510	0.60852450	2.53337300	0.29794110	0.53163850	2.53182300	0.57176610	0.52347220	2.52984600	0.80409850	0.54712530	2.49071000
8.43333300	0.10502390	0.27316520	2.54189600	0.11511370	0.60849450	2.53337800	0.29789470	0.53173240	2.53202000	0.57048360	0.52297620	2.52993400	0.80279050	0.54687630	2.49073500
8.46666600	0.10487580	0.27303760	2.54200100	0.11467530	0.60844920	2.53360800	0.29782440	0.53167090	2.53224700	0.57116940	0.52319000	2.52977900	0.80349800	0.54684760	2.49059800
8.50000000	0.10477520	0.27299020	2.54208600	0.11431840	0.60790800	2.53371900	0.29792010	0.53160550	2.53233600	0.57247320	0.52272360	2.52979300	0.80470670	0.54682250	2.49032200
8.53333400	0.10485840	0.27307870	2.54222600	0.11465790	0.60845880	2.53416600	0.29788420	0.53159470	2.53237700	0.57311170	0.52321040	2.52982900	0.80537770	0.54680590	2.49033600
8.56666700	0.10529000	0.27317850	2.54256300	0.11580150	0.60851880	2.53505300	0.29795800	0.53167000	2.53251200	0.57403980	0.52360550	2.52997800	0.80630820	0.54679060	2.49028900
8.60000000	0.10531360	0.27299400	2.54275200	0.11599290	0.60807790	2.53526300	0.29789500	0.53158940	2.53266400	0.57396630	0.52393100	2.52982900	0.80627520	0.54673360	2.49026400
8.63333300	0.10533660	0.27291460	2.54287700	0.11600830	0.60792890	2.53547400	0.29810080	0.53166940	2.53280300	0.57470820	0.52418290	2.52970500	0.80702540	0.54677990	2.49016100
8.66666700	0.10537740	0.27290950	2.54293400	0.11616600	0.60785810	2.53544400	0.29817130	0.53170410	2.53289700	0.57193870	0.52420820	2.52963400	0.80439040	0.54589770	2.49067100
8.70000000	0.10529690	0.27297120	2.54302800	0.11557880	0.60780910	2.53557200	0.29830980	0.53181460	2.53298400	0.57478430	0.52481450	2.52964000	0.80714740	0.54641810	2.48995700
8.73333400	0.10536800	0.27302780	2.54308700	0.11572410	0.60790290	2.53554400	0.29829340	0.53184070	2.53298400	0.57308720	0.52540970	2.52933700	0.80559950	0.54635320	2.49061200
8.76666600	0.10542650	0.27304320	2.54320300	0.11582230	0.60800540	2.53578100	0.29829690	0.53177900	2.53301700	0.57384230	0.52579740	2.52923300	0.80640960	0.54636280	2.49082900
8.80000000	0.10549600	0.27304900	2.54329400	0.11595910	0.60787620	2.53592700	0.29833480	0.53180740	2.53306600	0.57385960	0.52582520	2.52911900	0.80641680	0.54618450	2.49059500
8.83333300	0.10559700	0.27308100	2.54343000	0.11622530	0.60805550	2.53615800	0.29839130	0.53200220	2.53311800	0.57390700	0.52591570	2.52914900	0.80649890	0.54629680	2.49087900
8.86666700	0.10574340	0.27315600	2.54356500	0.11680620	0.60818980	2.53649300	0.29854380	0.53212990	2.53331200	0.57365800	0.52655850	2.52897300	0.80631530	0.54599800	2.49073900
8.90000000	0.10574960	0.27309920	2.54365600	0.11600290	0.60772430	2.53697300	0.29856610	0.53208290	2.53330600	0.57375490	0.52659050	2.52895500	0.80643090	0.54559310	2.49073200
8.93333300	0.10581300	0.27314660	2.54371200	0.11625610	0.60800530	2.53707800	0.29863240	0.53214990	2.53324000	0.57379850	0.52679370	2.52890000	0.80640670	0.54543710	2.48987900
8.96666600	0.10588150	0.27316780	2.54373900	0.11621880	0.60800000	2.53705100	0.29862090	0.53217080	2.53317200	0.57393560	0.52693050	2.52885700	0.80654240	0.54551750	2.48990500
9.00000000	0.10604560	0.27325080	2.54388800	0.11635960	0.60803010	2.53702300	0.29865350	0.53214940	2.53316500	0.57498850	0.52732030	2.52874800	0.80759190	0.54553630	2.48942100
9.03333400	0.10617640	0.27337260	2.54402500	0.11686670	0.60863100	2.53732100	0.29866470	0.53216410	2.53315400	0.57622420	0.52751340	2.52906400	0.80878110	0.54576800	2.48950500
9.06666700	0.10621010	0.27338490	2.54407100	0.11672920	0.60841420	2.53726100	0.29867410	0.53214380	2.53316000	0.57674240	0.52807770	2.52891700	0.80935740	0.54583110	2.48943400
9.10000000	0.10633390	0.27347260	2.54411200	0.11646840	0.60747870	2.53680400	0.29855790	0.53228460	2.53322500	0.57801520	0.52832370	2.52899600	0.81061330	0.54611280	2.48953200
9.13333300	0.10634830	0.27349940	2.54412500	0.11631790	0.60756140	2.53669400	0.29851570	0.53225300	2.53325500	0.57806150	0.52843330	2.52896000	0.81065570	0.54607160	2.48926600
9.16666700	0.10673850	0.27355960	2.54444300	0.11732970	0.60812760	2.53724600	0.29863570	0.53228840	2.53349800	0.57759210	0.52864370	2.52893600	0.81019760	0.54617700	2.48930100
9.20000000	0.10699630	0.27349240	2.54471400	0.11809780	0.60882830	2.53816500	0.29872780	0.53258670	2.53380000	0.57760710	0.52865570	2.52893200	0.81020410	0.54611740	2.48928600
9.23333400	0.10724200	0.27346620	2.54491800	0.11889110	0.60938690	2.53882700	0.29873200	0.53267460	2.53383100	0.57794410	0.52870580	2.52905500	0.81063100	0.54641820	2.49051600
9.26666600	0.10721030	0.27347780	2.54496300	0.11704790	0.60861790	2.53857700	0.29869720	0.53272280	2.53386700	0.57491500	0.52890210	2.52954900	0.80765120	0.54631690	2.49140300
9.30000000	0.10716220	0.27355890	2.54501500	0.11635430	0.60816860	2.53817700	0.29864630	0.53283150	2.53405300	0.57504450	0.52888250	2.52959800	0.80783090	0.54605410	2.49165900
9.33333300	0.10714800	0.27365550	2.54510100	0.11628880	0.60826080	2.53815500	0.29867710	0.53306540	2.53437200	0.57406280	0.52855970	2.52996100	0.80689350	0.54615630	2.49292900
9.36666700	0.10726210	0.27371590	2.54526300	0.11647390	0.60858710	2.53837100	0.29872930	0.53305560	2.53443300	0.57488640	0.52856220	2.53000300	0.80767180	0.54634020	2.49283300
9.40000000	0.10723530	0.27372930	2.54531500	0.11638960	0.60839870	2.53835600	0.29886130	0.53293170	2.53468300	0.57558580	0.52878370	2.53009800	0.80845650	0.54687450	2.49420300
9.43333300	0.10721120	0.27372490	2.54536100	0.11622930	0.60826210	2.53836000	0.29887090	0.53293810	2.53469900	0.57504450	0.52874690	2.53026700	0.80817680	0.54659080	2.49724700
9.46666600	0.10712460	0.27367300	2.54544900	0.11556890	0.60763330	2.53835300	0.29888440	0.53294300	2.53479400	0.57641370	0.52871330	2.53082100	0.80947240	0.54673870	2.49720100
9.50000000	0.10714730	0.27362480	2.54554200	0.11544740	0.60737220	2.53846400	0.29902370	0.53288640	2.53523000	0.57523810	0.52862270	2.53099600	0.80828490	0.54658790	2.49710700
9.53333400	0.10712070	0.27358710	2.54563300	0.11545560	0.60736380	2.53846800	0.29906110	0.53281400	2.53541500	0.57609150	0.52855120	2.53128500	0.80908920	0.54647020	2.49672500
9.56666700	0.10719990	0.27352660	2.54585400	0.11570740	0.60730290	2.53904500	0.29915520	0.53285280	2.53575800	0.57659270	0.52843480	2.53147200	0.80956010	0.54654740	2.49666000
9.60000000	0.10718450	0.27352060	2.54594900	0.11573020	0.60732860	2.53928400	0.29914560	0.53263970	2.53587400	0.57670610	0.52838320	2.53149800	0.80966280	0.54680000	2.49674800
9.63333300	0.10712450	0.27348660	2.54598100	0.11570360	0.60732820	2.53928000	0.29906110	0.53245340	2.53604200	0.57706500	0.52841260	2.53150200	0.81013490	0.54667840	2.49779800
9.66666700	0.10707060	0.27344050	2.54604700	0.11562510	0.60724010	2.53935900	0.29897560	0.53239460	2.53612000	0.57777270	0.52859840	2.53169300	0.81082920	0.54670150	2.49770300
9.70000000	0.10723340	0.27349980	2.54616300	0.11640560	0.60738940	2.53935900	0.29900790	0.53241100	2.53617500	0.57904270	0.52847460	2.53194400	0.81204570	0.54698040	2.49766000
9.73333400	0.10716380	0.27353350	2.54620300	0.11588770	0.60728530	2.53920800	0.29900160	0.53239110	2.53623700	0.57438930	0.52921320	2.53147400	0.80755590	0.54661410	2.49803100
9.76666600	0.10718360	0.27353800	2.54624300	0.11599950	0.60733920	2.53921800	0.29883550	0.53241060	2.53626100	0.57449780	0.52941090	2.53150300	0.80767450	0.54676440	2.49807000
9.80000000	0.10713710	0.27352370	2.54629300	0.11590210	0.60732610	2.53919300	0.29889240	0.53248350	2.53634500	0.57453080	0.52927140	2.53148200	0.80771480	0.54676680	2.49819200
9.83333300	0.10720130	0.27352840	2.54632400	0.11612240	0.60704620	2.53914500	0.29889420	0.53246250	2.53633400	0.57547470	0.52925630	2.53151400	0.80860570	0.54710250	2.49784300
9.86666700	0.10708190	0.27343440	2.54641000	0.11594100	0.60687690	2.53933600	0.29884340	0.53242190	2.53632500	0.57565750	0.52923210	2.53146600	0.80879580	0.54712750	2.49784900
9.90000000	0.10710020	0.27327290	2.54648600	0.11602490	0.60673300	2.53944600	0.29884810	0.53241120	2.53635800	0.57598290	0.52958640	2.53133100	0.80918070	0.54708720	2.49797900
9.93333300	0.10711470	0.27328360	2.54655600	0.11617290	0.60689380	2.53960700	0.29895850	0.53240880	2.53648700	0.57605660	0.52956800	2.53125600	0.80930200	0.54708980	2.49840500
9.96666600	0.10714060	0.27332180	2.54656700	0.11624320	0.60699470	2.53955400	0.29899390	0.53244530	2.53654600	0.57482210	0.52945760	2.53114100	0.80816770	0.54699350	2.49958100
10.00000000	0.10717440	0.27330770	2.54653400	0.11624810	0.60701320	2.53938100	0.29897070	0.53246250	2.53654600	0.57558210	0.52925460	2.53113300	0.80878940	0.54725400	2.49834700
10.03333000	0.10715340	0.27323990	2.54656300	0.11622970	0.60703420	2.53946200	0.29884570	0.53231830	2.53641100	0.57430390	0.52929140	2.53110200	0.80752250	0.54736440	2.49869000
10.06667000	0.10724640	0.27328320	2.54656000	0.11669170	0.60736030	2.53925500	0.29891080	0.53238240	2.53645600	0.57476540	0.52918620	2.53115000	0.80795130	0.54741720	2.49841000
10.10000000	0.10720940	0.27321890	2.54655900	0.11646430	0.60723730	2.53923600	0.29892340	0.53231280	2.53648200	0.57397160	0.52905500	2.53108700	0.80713130	0.54728020	2.49826500
10.13333000	0.10715080	0.27319790	2.54657300	0.11621700	0.60712660	2.53937400	0.29892240	0.53229580	2.53648100	0.57107690	0.52953540	2.53106500	0.80429080	0.54707220	2.49841000
10.16667000	0.12450780	0.27244610	2.54819600	0.15557870	0.59933900	2.53467700	0.34109240	0.51438800	2.53302300	0.59330890	0.49987200	2.51196300	0.82355170	0.51218900	2.47166100
10.20000000	0.12464910	0.27243070	2.54819800	0.15717710	0.59966340	2.53487600	0.34114710	0.51436570	2.53315000	0.59276900	0.49981450	2.51238100	0.82303850	0.51221950	2.47242200
10.23333000	0.12468330	0.27251130	2.54827300	0.15694090	0.59971410	2.53492700	0.34120010	0.51442920	2.53317000	0.59257560	0.49967630	2.51248100	0.82288700	0.51243280	2.47312100
10.26667000	0.12468280	0.27245850	2.54830600	0.15619540	0.59918920	2.53526500	0.34125810	0.51447830	2.53318700	0.59263090	0.49936080	2.51258300	0.82304370	0.51086500	2.47360200
10.30000000	0.12462440	0.27235840	2.54835700	0.15582030	0.59886490	2.53547500	0.34115680	0.51447200	2.53319300	0.58686100	0.50329140	2.51220300	0.81783240	0.50962230	2.47675500
10.33333000	0.12467150	0.27226690	2.54844700	0.15614510	0.59862180	2.53601500	0.34121110	0.51438460	2.53321400	0.58761510	0.50163450	2.51257300	0.81853340	0.51058840	2.47756800
10.36667000	0.12459570	0.27225070	2.54851900	0.15593500	0.59832610	2.53621800	0.34117750	0.51435880	2.53323000	0.60068090	0.50135870	2.51262200	0.83136280	0.51151620	2.47575100
10.40000000	0.12461460	0.27220470	2.54852300	0.15596210	0.59828340	2.53620800	0.34108650	0.51429620	2.53329800	0.59623650	0.50025280	2.51394500	0.82675960	0.51146760	2.47606600
10.43333000	0.12455700	0.27210520	2.54856400	0.15533510	0.59770360	2.53648700	0.34125130	0.51419840	2.53343200	0.59475430	0.49950520	2.51382400	0.82527340	0.51164560	2.47639500
10.46667000	0.12454110	0.27210680	2.54857100	0.15517300	0.59735960	2.53636800	0.34138660	0.51416690	2.53367600	0.59286750	0.49890350	2.51389500	0.82337470	0.51159850	2.47668300
10.50000000	0.12484640	0.27216080	2.54861300	0.15643070	0.59790460	2.53632000	0.34163160	0.51417120	2.53391600	0.59240130	0.49852960	2.51412200	0.82282830	0.51158970	2.47638100
10.53333000	0.12475990	0.27182360	2.54856400	0.15565650	0.59696810	2.53597200	0.34141060	0.51401410	2.53384100	0.59232770	0.49845750	2.51420800	0.82276880	0.51143510	2.47659300
10.56667000	0.12464690	0.27180490	2.54856400	0.15517060	0.59697860	2.53599500	0.34135160	0.51399680	2.53384800	0.59222550	0.49833990	2.51423300	0.82258300	0.51144390	2.47594000
10.60000000	0.12464600	0.27182310	2.54856300	0.15511660	0.59704580	2.53586300	0.34133980	0.51405170	2.53383600	0.59211390	0.49834680	2.51416700	0.82242700	0.51149420	2.47552500
10.63333000	0.12466940	0.27181000	2.54855800	0.15525420	0.59693910	2.53569900	0.34136070	0.51401170	2.53380500	0.59179280	0.49811650	2.51405500	0.82210530	0.51156990	2.47560600
10.66667000	0.12464260	0.27179760	2.54856100	0.15487200	0.59664680	2.53560900	0.34138270	0.51402400	2.53383200	0.57163760	0.48453860	2.51773400	0.80011310	0.51467190	2.47718100
10.70000000	0.12463720	0.27182920	2.54856400	0.15465730	0.59664920	2.53552200	0.34145810	0.51413180	2.53391200	0.58133980	0.49099870	2.51646400	0.81059600	0.51382040	2.47546200
10.73333000	0.12458230	0.27185550	2.54858000	0.15456400	0.59670690	2.53556000	0.34145730	0.51413070	2.53391100	0.59710970	0.49908200	2.51191800	0.82746250	0.50992070	2.47284600
10.76667000	0.12447740	0.27183160	2.54860600	0.15388330	0.59677530	2.53585800	0.34144640	0.51441230	2.53407500	0.59458010	0.49923530	2.51188300	0.82505470	0.50906810	2.47354800
10.80000000	0.12445310	0.27186210	2.54867900	0.15373080	0.59698260	2.53635700	0.34148570	0.51440700	2.53403500	0.59457480	0.49921390	2.51186800	0.82504290	0.50908670	2.47355200
10.83333000	0.12444230	0.27181930	2.54866300	0.15370410	0.59698240	2.53633100	0.34137570	0.51445940	2.53402500	0.59445700	0.49913710	2.51183200	0.82469000	0.51014050	2.47192000
10.86667000	0.12447900	0.27188920	2.54863900	0.15370240	0.59710820	2.53620600	0.34139860	0.51447200	2.53399400	0.59346710	0.49946330	2.51166000	0.82362930	0.51112130	2.47146200
10.90000000	0.12447670	0.27188400	2.54863400	0.15347770	0.59706500	2.53623600	0.34138390	0.51448110	2.53397300	0.59347400	0.49946670	2.51158700	0.82360180	0.51171210	2.47140000
10.93333000	0.12452100	0.27201540	2.54865900	0.15375670	0.59743640	2.53626700	0.34140410	0.51467080	2.53392500	0.59118200	0.50014470	2.51161900	0.82132840	0.51424430	2.47257100
10.96667000	0.12448100	0.27209980	2.54868900	0.15311620	0.59751010	2.53629600	0.34149580	0.51496820	2.53385300	0.59110590	0.50015310	2.51159100	0.82013330	0.51785240	2.46573400
11.00000000	0.12448230	0.27209190	2.54869200	0.15321310	0.59739090	2.53632700	0.34150980	0.51500300	2.53386700	0.59110740	0.50013790	2.51158400	0.82005010	0.51844900	2.46551100
11.03333000	0.12452730	0.27208710	2.54869300	0.15319510	0.59725770	2.53622800	0.34146520	0.51500080	2.53383600	0.59111060	0.50016410	2.51153300	0.81996230	0.51804910	2.46463500
11.06667000	0.12440070	0.27210980	2.54871600	0.15251440	0.59716360	2.53623800	0.34153430	0.51503580	2.53389000	0.58739690	0.50306800	2.51020000	0.81679370	0.51657420	2.46508500
11.10000000	0.12444730	0.27214570	2.54867600	0.15269770	0.59727050	2.53601000	0.34150550	0.51500780	2.53384300	0.58717440	0.50233970	2.51040900	0.81648250	0.51624780	2.46489600
11.13333000	0.12449390	0.27215580	2.54865600	0.15272000	0.59725340	2.53595500	0.34151060	0.51497690	2.53378200	0.58774280	0.50153680	2.51032000	0.81696770	0.51551720	2.46430600
11.16667000	0.12460160	0.27231800	2.54865800	0.15321000	0.59834670	2.53594900	0.34151460	0.51497030	2.53378100	0.58859130	0.49978400	2.50997800	0.81772970	0.51565330	2.46426100
11.20000000	0.12455850	0.27231550	2.54861600	0.15315970	0.59826520	2.53577200	0.34138360	0.51473130	2.53358600	0.58861760	0.49931140	2.51015000	0.81765810	0.51560880	2.46399600
11.23333000	0.12459160	0.27234960	2.54857600	0.15351150	0.59869100	2.53569100	0.34146950	0.51439830	2.53323300	0.59971050	0.50180170	2.50901200	0.82882100	0.51577830	2.46229800
11.26667000	0.12464910	0.27225520	2.54850200	0.15365810	0.59858710	2.53545900	0.34147600	0.51430350	2.53311900	0.59545220	0.49911530	2.50956900	0.82441350	0.51539350	2.46292500
11.30000000	0.12466170	0.27228600	2.54846900	0.15374010	0.59862810	2.53538900	0.34154490	0.51457680	2.53309400	0.59436240	0.49855810	2.50989800	0.82327100	0.51532440	2.46318300
11.33333000	0.12486680	0.27253520	2.54826000	0.15498500	0.59868430	2.53381600	0.34160840	0.51459990	2.53309800	0.59437850	0.49857080	2.50989800	0.82329610	0.51523080	2.46323300
11.36667000	0.12494630	0.27252700	2.54814700	0.15510720	0.59857970	2.53352500	0.34161620	0.51460550	2.53309600	0.59830370	0.50030240	2.50973900	0.82728170	0.51520240	2.46269500
11.40000000	0.12495080	0.27255310	2.54810900	0.15459160	0.59817090	2.53317700	0.34166060	0.51459040	2.53307400	0.59643700	0.49947110	2.51003900	0.82535760	0.51522210	2.46303000
11.43333000	0.12496910	0.27255790	2.54806800	0.15459960	0.59815920	2.53317300	0.34171890	0.51454750	2.53307700	0.59638170	0.49937840	2.51006700	0.82529690	0.51520650	2.46310700
11.46667000	0.12534370	0.27278280	2.54798900	0.15803010	0.60086720	2.53305600	0.34171180	0.51462580	2.53300800	0.59431290	0.49825040	2.51046400	0.82312950	0.51504140	2.46334800
11.50000000	0.12532560	0.27286810	2.54786700	0.15747830	0.60064340	2.53259700	0.34173060	0.51461390	2.53301800	0.59386030	0.49827530	2.51055600	0.82276110	0.51473900	2.46390500
11.53333000	0.12539880	0.27283460	2.54772000	0.15725580	0.60053710	2.53188000	0.34168810	0.51449840	2.53287300	0.59377770	0.49808770	2.51069800	0.82266530	0.51450840	2.46397700
11.56667000	0.12548550	0.27282650	2.54765600	0.15726030	0.60052080	2.53186000	0.34179970	0.51448480	2.53287100	0.59334610	0.49789170	2.51083700	0.82228110	0.51466550	2.46467000
11.60000000	0.12547570	0.27285510	2.54761900	0.15690760	0.60046940	2.53176700	0.34182190	0.51454410	2.53287600	0.59312040	0.49774940	2.51086000	0.82209880	0.51421170	2.46488600
11.63333000	0.12548700	0.27282910	2.54758000	0.15684590	0.60012070	2.53173900	0.34187370	0.51449530	2.53286800	0.59209600	0.49785350	2.51094500	0.82117010	0.51331720	2.46520300
11.66667000	0.12549640	0.27281390	2.54754600	0.15684390	0.60012060	2.53173700	0.34188690	0.51448950	2.53286100	0.59193560	0.49774060	2.51101900	0.82104680	0.51303070	2.46550500
11.70000000	0.12546930	0.27280960	2.54753900	0.15656550	0.60019490	2.53189200	0.34176470	0.51449820	2.53285800	0.59179060	0.49765120	2.51108500	0.82090120	0.51351090	2.46588700
11.73333000	0.12547860	0.27282740	2.54752900	0.15659780	0.60023830	2.53192900	0.34178730	0.51447870	2.53281300	0.59144970	0.49719330	2.51106400	0.82055460	0.51309060	2.46588500
11.76667000	0.12548810	0.27276720	2.54744900	0.15665620	0.60022630	2.53189400	0.34155820	0.51442490	2.53270100	0.59090330	0.49692780	2.51112400	0.82004330	0.51283330	2.46624400
11.80000000	0.12546760	0.27282800	2.54741000	0.15639610	0.60028800	2.53178100	0.34156240	0.51443990	2.53269500	0.58967420	0.49639310	2.51138700	0.81876500	0.51282310	2.46646200
11.83333000	0.12539380	0.27295340	2.54727100	0.15640000	0.60034480	2.53173000	0.34153400	0.51442040	2.53260500	0.58900560	0.49616610	2.51134900	0.81812020	0.51267820	2.46668300
11.86667000	0.12540000	0.27288200	2.54722800	0.15684350	0.60048010	2.53187200	0.34127080	0.51427970	2.53235400	0.58894740	0.49621660	2.51142000	0.81810750	0.51259910	2.46707500
11.90000000	0.12541400	0.27287650	2.54717300	0.15767780	0.60073720	2.53191800	0.34121630	0.51424780	2.53233900	0.58645430	0.49537570	2.51130700	0.81565820	0.51202180	2.46749500
11.93333000	0.12528030	0.27296200	2.54707600	0.15695110	0.60065530	2.53188700	0.34108940	0.51433230	2.53222000	0.58639930	0.49528040	2.51137100	0.81560100	0.51190410	2.46760300
