0.00000000	0.10474430	0.23614450	2.44977900	0.11104970	0.58718290	2.44675300	0.28146180	0.47685520	2.43593100	0.49974370	0.29629380	2.41607500	0.70709840	0.21794650	2.34559700
0.03333334	0.10476270	0.23607880	2.44993100	0.11102660	0.58711520	2.44685000	0.28145800	0.47685720	2.43593900	0.49963020	0.29643460	2.41610200	0.70688200	0.21779960	2.34560900
0.06666667	0.10463780	0.23600280	2.45012200	0.11071600	0.58709230	2.44713000	0.28151080	0.47674510	2.43595600	0.49935570	0.29650680	2.41615400	0.70653220	0.21771790	2.34556600
0.10000000	0.10459720	0.23596460	2.45020100	0.11061450	0.58703410	2.44716500	0.28152380	0.47675230	2.43598400	0.49935810	0.29654810	2.41618100	0.70646550	0.21758900	2.34554200
0.13333330	0.10457200	0.23593550	2.45027500	0.11098440	0.58746240	2.44766800	0.28138120	0.47686670	2.43605600	0.49933170	0.29648710	2.41647500	0.70626030	0.21746330	2.34524500
0.16666670	0.10456680	0.23595880	2.45031100	0.11097490	0.58752270	2.44770400	0.28138580	0.47682040	2.43607800	0.49868170	0.29683750	2.41650000	0.70540450	0.21759460	2.34480700
0.20000000	0.10442920	0.23601210	2.45033400	0.11079220	0.58752170	2.44772600	0.28141260	0.47681610	2.43617100	0.49847630	0.29676060	2.41631000	0.70529980	0.21792970	2.34438700
0.23333330	0.10421730	0.23608650	2.45029200	0.11061280	0.58774080	2.44763200	0.28138060	0.47673720	2.43626800	0.49836950	0.29667020	2.41625600	0.70530920	0.21824390	2.34417400
0.26666670	0.10401650	0.23622300	2.45036500	0.10961730	0.58743780	2.44742600	0.28131470	0.47674330	2.43638800	0.49823020	0.29669510	2.41642500	0.70515060	0.21832710	2.34417200
0.30000000	0.10365420	0.23618740	2.45031800	0.10873960	0.58700960	2.44698700	0.28123220	0.47671680	2.43652200	0.49755730	0.29703490	2.41604800	0.70420940	0.21821210	2.34344400
0.33333330	0.10329270	0.23638090	2.45025400	0.10816370	0.58712450	2.44666300	0.28100810	0.47680020	2.43656600	0.49736270	0.29711960	2.41610300	0.70404330	0.21846000	2.34336900
0.36666670	0.10282310	0.23642800	2.45017100	0.10735830	0.58703700	2.44626600	0.28079920	0.47678460	2.43658400	0.49624560	0.29763010	2.41579000	0.70301370	0.21876990	2.34362600
0.40000000	0.10263680	0.23624660	2.45014500	0.10716260	0.58687840	2.44612100	0.28050190	0.47681840	2.43653800	0.49530830	0.29796420	2.41570000	0.70217680	0.21933460	2.34358200
0.43333330	0.10241950	0.23629480	2.45005600	0.10682590	0.58670190	2.44549100	0.28021130	0.47682180	2.43657400	0.49511160	0.29808200	2.41574200	0.70197120	0.21941410	2.34365000
0.46666670	0.10215120	0.23630940	2.45009400	0.10627400	0.58662350	2.44554300	0.28013460	0.47679050	2.43659300	0.49488530	0.29829430	2.41571800	0.70166540	0.21950440	2.34352000
0.50000000	0.10189660	0.23629620	2.45003800	0.10585190	0.58668570	2.44541000	0.27996940	0.47687530	2.43667300	0.49489550	0.29804130	2.41596800	0.70163500	0.21981880	2.34288600
0.53333340	0.10178300	0.23631130	2.45001100	0.10577770	0.58682420	2.44532400	0.27972750	0.47692690	2.43675600	0.49488360	0.29780800	2.41601000	0.70156840	0.21986150	2.34238700
0.56666670	0.10168800	0.23633260	2.44997900	0.10570420	0.58654340	2.44516500	0.27954600	0.47712950	2.43685200	0.49489220	0.29776780	2.41598700	0.70158870	0.21984320	2.34238300
0.60000000	0.10143190	0.23626640	2.44996400	0.10549550	0.58634590	2.44521500	0.27937410	0.47717200	2.43677600	0.49444360	0.29754210	2.41650700	0.70117280	0.21990340	2.34265300
0.63333330	0.10122660	0.23635250	2.44984300	0.10513540	0.58639870	2.44493800	0.27866130	0.47752510	2.43656300	0.49426500	0.29741060	2.41663900	0.70087970	0.21954570	2.34269000
0.66666670	0.10104750	0.23642140	2.44984300	0.10496810	0.58658750	2.44504300	0.27833520	0.47786760	2.43702800	0.49409610	0.29731250	2.41673300	0.70068060	0.21939510	2.34275700
0.70000000	0.10075930	0.23647480	2.44977500	0.10448670	0.58634100	2.44482400	0.27774390	0.47815680	2.43703200	0.49397020	0.29729850	2.41671200	0.70049850	0.21922070	2.34275700
0.73333330	0.10060570	0.23651840	2.44976700	0.10429470	0.58641750	2.44478900	0.27747510	0.47826310	2.43711500	0.49422300	0.29678870	2.41709600	0.70071330	0.21906440	2.34256400
0.76666670	0.10041140	0.23654330	2.44969200	0.10414010	0.58647110	2.44460300	0.27731560	0.47823770	2.43706600	0.49388440	0.29691640	2.41761000	0.70016820	0.21889500	2.34276400
0.80000000	0.10030260	0.23656640	2.44971300	0.10411780	0.58659340	2.44459400	0.27721360	0.47825780	2.43709500	0.49349770	0.29699510	2.41791800	0.69963840	0.21879990	2.34281900
0.83333330	0.10012780	0.23663560	2.44969800	0.10391100	0.58662880	2.44440800	0.27702260	0.47838500	2.43713500	0.49314900	0.29707300	2.41799400	0.69927490	0.21879970	2.34294900
0.86666670	0.09988751	0.23655610	2.44963900	0.10354930	0.58652420	2.44426700	0.27693450	0.47834800	2.43714600	0.49319880	0.29696710	2.41797300	0.69939050	0.21878030	2.34304400
0.90000000	0.09977457	0.23657570	2.44957000	0.10347160	0.58659920	2.44412000	0.27676390	0.47838380	2.43713500	0.49311320	0.29694470	2.41802500	0.69925540	0.21871980	2.34298400
0.93333330	0.09977288	0.23653490	2.44955600	0.10348490	0.58659930	2.44411500	0.27647100	0.47841610	2.43698500	0.49301200	0.29689650	2.41795500	0.69909100	0.21855790	2.34285000
0.96666660	0.09960821	0.23656700	2.44950700	0.10332910	0.58671170	2.44408300	0.27629490	0.47857390	2.43698300	0.49244670	0.29681210	2.41771300	0.69869900	0.21860020	2.34303100
1.00000000	0.09941501	0.23656280	2.44948100	0.10286600	0.58657210	2.44398400	0.27616910	0.47906940	2.43729200	0.49201040	0.29685300	2.41782000	0.69819030	0.21838930	2.34321900
1.03333300	0.09922241	0.23656280	2.44944900	0.10246250	0.58647720	2.44393000	0.27603600	0.47905660	2.43729000	0.49189930	0.29695260	2.41781400	0.69855360	0.21849200	2.34483300
1.06666700	0.09915375	0.23655960	2.44946700	0.10240570	0.58655040	2.44407800	0.27590250	0.47918940	2.43730000	0.49142460	0.29688870	2.41752000	0.69825240	0.21848480	2.34506800
1.10000000	0.09911340	0.23657130	2.44946500	0.10256080	0.58665920	2.44415600	0.27591740	0.47924240	2.43737700	0.49163400	0.29640970	2.41786700	0.69846730	0.21816760	2.34521600
1.13333300	0.09909887	0.23656550	2.44947100	0.10268470	0.58679900	2.44418000	0.27583730	0.47915820	2.43731100	0.49176050	0.29628470	2.41807600	0.69852050	0.21774000	2.34556200
1.16666700	0.09902689	0.23653900	2.44950200	0.10260590	0.58679500	2.44426900	0.27577920	0.47903890	2.43724400	0.49193470	0.29561600	2.41824300	0.69889990	0.21767570	2.34563800
1.20000000	0.09892694	0.23652890	2.44954100	0.10260330	0.58690520	2.44439700	0.27568110	0.47900390	2.43726500	0.49239850	0.29503480	2.41869000	0.69934640	0.21738020	2.34563700
1.23333300	0.09888642	0.23647330	2.44956100	0.10275010	0.58683740	2.44446500	0.27551830	0.47898720	2.43728300	0.49240100	0.29496260	2.41869700	0.69933490	0.21692730	2.34608000
1.26666700	0.09883843	0.23648040	2.44960200	0.10276090	0.58686720	2.44458100	0.27555250	0.47890990	2.43722800	0.49275730	0.29430310	2.41882400	0.69979820	0.21678200	2.34588800
1.30000000	0.09877168	0.23660250	2.44963300	0.10271730	0.58694570	2.44458900	0.27554020	0.47890670	2.43723100	0.49287010	0.29388290	2.41916700	0.69999970	0.21666900	2.34611100
1.33333300	0.09868366	0.23664470	2.44966500	0.10263820	0.58691540	2.44456100	0.27555180	0.47883890	2.43727800	0.49263770	0.29387650	2.41931200	0.69985820	0.21653160	2.34671700
1.36666700	0.09864615	0.23662360	2.44967700	0.10265090	0.58693350	2.44455600	0.27554240	0.47859820	2.43738400	0.49262260	0.29381730	2.41930300	0.69994670	0.21655430	2.34693800
1.40000000	0.09861073	0.23659560	2.44970300	0.10276040	0.58688960	2.44459700	0.27549900	0.47840980	2.43746600	0.49234290	0.29388300	2.41921300	0.69983780	0.21659770	2.34745300
1.43333300	0.09859026	0.23660410	2.44977900	0.10288910	0.58720390	2.44493600	0.27551490	0.47831260	2.43752300	0.49230850	0.29380140	2.41937500	0.69997110	0.21652960	2.34816900
1.46666700	0.09854907	0.23665690	2.44997400	0.10293300	0.58715330	2.44517300	0.27546140	0.47833060	2.43757500	0.49223030	0.29359670	2.41960500	0.69997730	0.21651330	2.34842300
1.50000000	0.09853072	0.23666280	2.45004100	0.10300660	0.58730530	2.44534200	0.27545840	0.47830630	2.43764600	0.49234140	0.29317550	2.41966600	0.70020960	0.21648520	2.34836700
1.53333300	0.09850951	0.23665770	2.45007200	0.10297000	0.58724960	2.44530200	0.27549380	0.47829540	2.43771600	0.49251100	0.29302160	2.41980600	0.70051110	0.21654840	2.34866600
1.56666700	0.09840377	0.23663750	2.45020600	0.10302880	0.58708350	2.44546500	0.27560150	0.47837540	2.43805000	0.49264510	0.29298050	2.42002400	0.70061540	0.21650880	2.34874600
1.60000000	0.09825686	0.23680340	2.45033900	0.10276950	0.58710810	2.44537200	0.27553680	0.47846980	2.43811700	0.49514630	0.29073490	2.42053300	0.70336600	0.21591380	2.34795600
1.63333300	0.09818798	0.23676860	2.45052900	0.10261920	0.58676670	2.44574500	0.27552000	0.47850890	2.43832400	0.49498740	0.29075730	2.42053600	0.70339770	0.21608630	2.34839400
1.66666700	0.09816090	0.23670280	2.45064100	0.10267730	0.58675890	2.44587100	0.27549680	0.47846790	2.43837500	0.49479090	0.29085670	2.42056500	0.70333590	0.21606540	2.34901100
1.70000000	0.09816669	0.23666780	2.45074800	0.10274210	0.58674730	2.44591600	0.27535490	0.47833250	2.43845300	0.49431060	0.29158600	2.42057300	0.70282450	0.21609450	2.34977700
1.73333300	0.09818697	0.23663310	2.45096300	0.10295500	0.58658900	2.44627000	0.27541520	0.47841660	2.43866500	0.49394050	0.29198880	2.42069700	0.70249830	0.21634090	2.35022900
1.76666700	0.09844265	0.23655790	2.45126200	0.10377670	0.58703310	2.44665100	0.27540700	0.47838990	2.43878500	0.49375440	0.29200340	2.42088900	0.70255460	0.21631390	2.35133300
1.80000000	0.09847427	0.23655260	2.45144600	0.10384990	0.58671900	2.44690100	0.27571910	0.47841790	2.43924200	0.49327340	0.29243040	2.42110800	0.70195510	0.21645380	2.35146900
1.83333300	0.09861766	0.23652180	2.45166400	0.10442270	0.58688880	2.44750300	0.27599280	0.47847220	2.43946400	0.49306020	0.29227080	2.42149500	0.70174470	0.21654110	2.35150600
1.86666700	0.09884007	0.23646250	2.45186400	0.10534630	0.58684910	2.44782800	0.27620850	0.47813750	2.43948000	0.49656130	0.29070660	2.42242300	0.70491250	0.21530940	2.35073800
1.90000000	0.09889805	0.23649450	2.45203500	0.10539190	0.58678810	2.44792000	0.27634290	0.47826440	2.43978600	0.49652550	0.29055260	2.42243500	0.70499010	0.21519550	2.35106100
1.93333300	0.09890890	0.23645000	2.45231800	0.10549100	0.58687620	2.44843400	0.27678720	0.47828420	2.44021300	0.49692030	0.29032810	2.42280300	0.70551820	0.21476710	2.35213500
1.96666700	0.09892120	0.23648740	2.45249600	0.10544470	0.58681940	2.44851100	0.27721680	0.47844140	2.44051000	0.49677270	0.29042260	2.42300200	0.70549990	0.21493110	2.35267300
2.00000000	0.09898367	0.23650900	2.45261800	0.10550510	0.58672230	2.44845600	0.27736690	0.47838070	2.44063800	0.49626170	0.29086410	2.42328100	0.70491120	0.21493370	2.35321200
2.03333300	0.09903879	0.23648770	2.45270700	0.10561260	0.58659360	2.44845200	0.27733080	0.47835550	2.44083500	0.49498400	0.29205980	2.42363600	0.70353790	0.21553210	2.35399400
2.06666700	0.09168923	0.24189410	2.45681800	0.07245528	0.58775650	2.45114800	0.25877470	0.50477470	2.45226300	0.51827250	0.47116600	2.44244400	0.53345270	0.65220080	2.29355500
2.10000000	0.09163402	0.24179740	2.45691500	0.07243351	0.58779490	2.45112800	0.25888320	0.50462870	2.45227900	0.51890980	0.47181180	2.44365600	0.53334180	0.65216010	2.29379800
2.13333300	0.09163039	0.24176340	2.45696300	0.07252008	0.58785480	2.45118500	0.25879090	0.50465400	2.45224900	0.51931870	0.47166070	2.44513800	0.53313050	0.65136810	2.29439700
2.16666700	0.09159905	0.24175160	2.45695600	0.07222660	0.58759460	2.45100600	0.25879070	0.50461100	2.45223200	0.51969360	0.47214440	2.44607400	0.53292820	0.65136830	2.29466900
2.20000000	0.09153387	0.24171310	2.45696900	0.07214349	0.58759130	2.45103000	0.25876560	0.50465090	2.45218900	0.51973630	0.47217060	2.44605000	0.53275080	0.65140600	2.29466000
2.23333300	0.09150492	0.24173430	2.45695600	0.07199623	0.58757240	2.45089800	0.25879620	0.50466160	2.45214500	0.51966760	0.47206070	2.44512300	0.53281490	0.65188030	2.29452900
2.26666700	0.09150941	0.24174910	2.45694400	0.07199761	0.58760380	2.45088900	0.25878110	0.50466730	2.45206400	0.51943980	0.47226610	2.44474800	0.53285070	0.65226530	2.29443700
2.30000000	0.09154762	0.24167760	2.45695700	0.07201627	0.58755640	2.45094400	0.25877920	0.50461050	2.45200300	0.51944940	0.47231140	2.44450900	0.53284530	0.65248710	2.29445100
2.33333300	0.09157129	0.24168910	2.45693800	0.07212202	0.58782580	2.45095800	0.25875610	0.50458590	2.45193600	0.51936920	0.47217340	2.44426400	0.53284470	0.65256110	2.29451600
2.36666700	0.09159742	0.24169230	2.45693900	0.07207796	0.58779980	2.45096800	0.25856210	0.50449490	2.45172000	0.51950110	0.47182280	2.44286100	0.53290370	0.65318850	2.29443200
2.40000000	0.09158898	0.24168220	2.45693400	0.07174771	0.58759170	2.45089500	0.25857900	0.50453500	2.45172000	0.51928580	0.47171690	2.44245500	0.53292580	0.65334620	2.29442600
2.43333300	0.09155999	0.24164200	2.45689300	0.07151594	0.58742510	2.45088000	0.25836070	0.50444180	2.45152200	0.51925680	0.47158380	2.44222400	0.53292940	0.65336640	2.29442900
2.46666700	0.09156032	0.24161480	2.45694000	0.07156608	0.58749440	2.45098000	0.25839840	0.50439500	2.45146700	0.51898880	0.47150170	2.44155700	0.53296190	0.65362900	2.29428300
2.50000000	0.09151008	0.24168400	2.45684800	0.07143973	0.58744480	2.45050900	0.25847300	0.50437710	2.45142000	0.51879800	0.47081770	2.44273800	0.53298560	0.65265070	2.29511000
2.53333300	0.09156787	0.24170530	2.45685600	0.07189476	0.58766530	2.45051400	0.25864350	0.50426380	2.45137700	0.51945200	0.47116990	2.44320400	0.53297150	0.65266060	2.29506800
2.56666700	0.09154032	0.24154460	2.45685900	0.07181551	0.58762760	2.45050400	0.25855090	0.50422860	2.45126300	0.51972330	0.47105690	2.44401000	0.53289390	0.65218760	2.29537700
2.60000000	0.09151872	0.24143420	2.45687000	0.07168920	0.58731260	2.45050100	0.25855730	0.50422700	2.45123200	0.52012430	0.47023090	2.44704200	0.53274500	0.65018570	2.29681700
2.63333300	0.09157458	0.24141240	2.45689200	0.07208959	0.58713630	2.45069100	0.25863510	0.50426230	2.45110600	0.52018340	0.47048240	2.44738700	0.53274110	0.65018040	2.29683900
2.66666700	0.09160370	0.24140500	2.45688900	0.07210443	0.58701600	2.45069700	0.25875450	0.50426290	2.45108400	0.52006120	0.47040080	2.44734800	0.53273870	0.65013340	2.29687700
2.70000000	0.09160908	0.24139850	2.45688500	0.07208412	0.58692220	2.45068500	0.25887500	0.50432160	2.45114900	0.49210520	0.48167760	2.43426400	0.53613780	0.66053590	2.28931300
2.73333300	0.09160558	0.24143510	2.45686600	0.07204639	0.58700810	2.45067000	0.25884470	0.50428880	2.45103700	0.50750740	0.47561060	2.43962600	0.53389350	0.65623270	2.29242700
2.76666700	0.09178190	0.24142970	2.45692500	0.07231937	0.58709620	2.45087100	0.25896130	0.50430580	2.45089900	0.49581450	0.47925230	2.43503900	0.53525940	0.65925750	2.29030600
2.80000000	0.09182651	0.24130110	2.45692400	0.07204008	0.58672050	2.45106000	0.25895960	0.50430660	2.45089800	0.50425550	0.47615110	2.43774100	0.53399350	0.65699380	2.29165900
2.83333300	0.09178458	0.24127160	2.45690300	0.07164489	0.58641240	2.45096100	0.25883230	0.50436410	2.45087300	0.51121510	0.47295530	2.44409900	0.53279680	0.65238320	2.29460000
2.86666700	0.09174924	0.24126330	2.45691300	0.07157741	0.58641870	2.45091200	0.25881470	0.50442400	2.45090100	0.51476470	0.47230220	2.44597500	0.53260440	0.65141460	2.29555100
2.90000000	0.09171272	0.24116200	2.45695800	0.07148420	0.58619790	2.45097700	0.25880920	0.50441970	2.45083200	0.51726350	0.47236660	2.44582600	0.53247300	0.65168860	2.29538500
2.93333300	0.09170896	0.24110780	2.45693000	0.07143737	0.58588140	2.45083500	0.25872260	0.50447670	2.45070300	0.51801100	0.47226030	2.44593400	0.53243720	0.65159760	2.29545300
2.96666700	0.09174813	0.24115650	2.45690600	0.07176685	0.58590630	2.45019300	0.25872070	0.50447720	2.45070300	0.51782430	0.47186650	2.44391100	0.53242620	0.65233850	2.29497100
3.00000000	0.09172845	0.24113710	2.45690400	0.07172710	0.58583690	2.45038800	0.25873020	0.50456850	2.45068000	0.51798030	0.47172230	2.44383100	0.53213140	0.65214060	2.29479700
3.03333300	0.09172850	0.24119310	2.45685100	0.07171020	0.58584000	2.45028800	0.25877830	0.50454830	2.45055200	0.51813290	0.47139220	2.44484600	0.53209480	0.65130050	2.29514200
3.06666700	0.09172703	0.24119270	2.45678100	0.07160299	0.58575080	2.45013000	0.25870970	0.50459490	2.45038000	0.51841060	0.47171670	2.44536700	0.53211470	0.65125230	2.29517200
3.10000000	0.09170752	0.24117350	2.45673800	0.07153913	0.58579610	2.45013700	0.25865590	0.50454660	2.45031300	0.51816230	0.47184160	2.44574300	0.53199910	0.65102210	2.29512200
3.13333300	0.09172042	0.24116780	2.45675200	0.07166073	0.58586360	2.45024800	0.25870610	0.50446270	2.45023100	0.51883140	0.47170480	2.44655100	0.53187010	0.65058850	2.29549000
3.16666700	0.09165929	0.24116010	2.45675500	0.07166371	0.58587010	2.45024500	0.25870890	0.50446000	2.45022200	0.51882900	0.47149900	2.44669100	0.53186260	0.65038580	2.29565700
3.20000000	0.09163912	0.24116100	2.45674800	0.07142465	0.58597760	2.45015600	0.25862200	0.50437590	2.45013400	0.51902040	0.47159030	2.44668600	0.53182910	0.65044550	2.29561200
3.23333300	0.09167211	0.24117720	2.45674300	0.07162793	0.58607580	2.44997300	0.25862370	0.50437660	2.45013000	0.51923320	0.47147640	2.44717700	0.53175320	0.65008690	2.29578300
3.26666700	0.09168150	0.24116590	2.45673800	0.07161687	0.58602510	2.44997000	0.25862980	0.50435280	2.45012700	0.51929330	0.47150880	2.44728400	0.53176990	0.65003170	2.29579600
3.30000000	0.09170442	0.24117520	2.45672600	0.07165721	0.58608150	2.45000800	0.25859520	0.50429870	2.45008600	0.51929820	0.47160170	2.44577800	0.53187000	0.65085510	2.29527300
3.33333300	0.09178012	0.24117400	2.45674600	0.07193871	0.58612160	2.44994700	0.25863050	0.50429630	2.45009900	0.51938800	0.47173730	2.44383500	0.53191300	0.65193370	2.29459100
3.36666700	0.09170616	0.24109350	2.45669300	0.07186075	0.58592890	2.44952100	0.25851080	0.50406050	2.44982000	0.51977840	0.47184800	2.44596300	0.53181750	0.65102510	2.29535700
3.40000000	0.09172469	0.24108430	2.45666300	0.07180552	0.58609010	2.44939300	0.25845560	0.50407310	2.44976200	0.49276920	0.48610380	2.43056800	0.53604460	0.66461040	2.28556400
3.43333300	0.09177685	0.24110320	2.45664300	0.07217871	0.58628400	2.44951400	0.25845990	0.50407900	2.44974300	0.50900050	0.47267990	2.44273800	0.53237720	0.65243190	2.29447500
3.46666700	0.09167435	0.24106960	2.45661400	0.07216083	0.58608220	2.44921800	0.25846730	0.50404390	2.44973500	0.49392300	0.47878060	2.43591500	0.53421220	0.65775960	2.29071200
3.50000000	0.09170747	0.24107100	2.45662700	0.07252110	0.58622680	2.44932700	0.25846150	0.50405250	2.44974000	0.49233080	0.48194290	2.43286300	0.53507220	0.66087320	2.28843500
3.53333300	0.09167050	0.24107710	2.45659900	0.07252150	0.58616420	2.44918100	0.25846280	0.50404010	2.44973900	0.49025690	0.48308360	2.43189900	0.53545130	0.66165570	2.28787400
3.56666700	0.09169167	0.24105050	2.45659400	0.07267021	0.58614800	2.44940900	0.25851280	0.50397280	2.44971700	0.48951030	0.48432180	2.43078900	0.53597940	0.66289600	2.28728400
3.60000000	0.09166041	0.24105300	2.45654200	0.07245913	0.58609490	2.44940400	0.25852020	0.50375730	2.44957200	0.48953880	0.48429590	2.43079800	0.53578320	0.66282180	2.28722000
3.63333300	0.09168238	0.24111850	2.45651300	0.07244977	0.58608600	2.44943500	0.25840170	0.50391940	2.44957300	0.48928000	0.48503180	2.43033800	0.53595790	0.66341340	2.28678800
3.66666700	0.09164654	0.24112870	2.45650400	0.07254969	0.58609680	2.44935300	0.25823910	0.50393900	2.44950000	0.48877360	0.48549760	2.42994100	0.53611400	0.66381140	2.28660700
3.70000000	0.09164904	0.24112800	2.45650400	0.07261851	0.58623170	2.44936800	0.25823900	0.50394020	2.44950200	0.48856090	0.48578300	2.42956000	0.53629450	0.66418310	2.28655700
3.73333300	0.09166844	0.24110780	2.45649200	0.07273372	0.58629800	2.44952700	0.25824330	0.50391410	2.44944600	0.48746510	0.48522170	2.42970500	0.53613840	0.66353520	2.28700500
3.76666700	0.09164169	0.24105030	2.45650400	0.07228356	0.58594790	2.44927500	0.25848620	0.50384410	2.44936800	0.48734570	0.48557260	2.42925900	0.53631190	0.66394440	2.28681900
3.80000000	0.09163934	0.24113190	2.45646700	0.07232754	0.58598590	2.44927100	0.25873880	0.50393650	2.44940400	0.48702370	0.48598780	2.42825200	0.53672180	0.66468010	2.28660800
3.83333300	0.09165930	0.24114610	2.45645200	0.07233566	0.58593790	2.44929100	0.25872860	0.50387460	2.44939800	0.48696210	0.48623900	2.42779000	0.53682950	0.66501300	2.28639800
3.86666700	0.09172144	0.24120660	2.45641800	0.07247234	0.58584420	2.44926000	0.25885070	0.50387040	2.44941400	0.48706850	0.48613240	2.42776900	0.53694430	0.66498370	2.28656300
3.90000000	0.09170119	0.24107390	2.45640400	0.07228933	0.58547630	2.44908200	0.25881110	0.50382200	2.44940400	0.50783590	0.47557520	2.43436100	0.53337880	0.65825100	2.29143500
3.93333300	0.09169254	0.24110290	2.45639300	0.07201784	0.58540960	2.44899800	0.25883610	0.50384710	2.44942600	0.51253870	0.47395370	2.43715800	0.53281410	0.65621310	2.29275200
3.96666700	0.09170569	0.24106170	2.45639100	0.07199393	0.58533330	2.44908800	0.25883040	0.50383870	2.44941900	0.51394500	0.47340300	2.43739600	0.53270630	0.65580800	2.29299300
4.00000000	0.09178104	0.24098480	2.45638600	0.07196990	0.58535390	2.44914800	0.25868400	0.50365270	2.44908300	0.51661050	0.47303350	2.44012000	0.53244650	0.65440210	2.29392700
4.03333300	0.03830907	0.22656820	2.46646900	0.06650812	0.57902260	2.45759000	0.22988930	0.45822680	2.45936400	0.31518610	0.20271710	2.42402500	0.41955430	-0.01419679	2.37191100
4.06666700	0.03833925	0.22657160	2.46644400	0.06652434	0.57903710	2.45759500	0.22990860	0.45820270	2.45935200	0.31574510	0.20232490	2.42401900	0.41840980	-0.01228819	2.37216200
4.10000000	0.03851891	0.22657290	2.46641500	0.06664208	0.57901750	2.45749200	0.23010410	0.45818730	2.45897600	0.31582340	0.20247420	2.42388600	0.41907890	-0.01347642	2.37200300
4.13333300	0.03853528	0.22641510	2.46626600	0.06646971	0.57904770	2.45730600	0.23016450	0.45808770	2.45891700	0.31576590	0.20254640	2.42385900	0.41905950	-0.01369366	2.37185400
4.16666700	0.03852391	0.22627000	2.46620900	0.06609953	0.57889430	2.45724400	0.23038720	0.45768030	2.45886100	0.31572350	0.20242250	2.42380200	0.41941720	-0.01420733	2.37180500
4.20000000	0.03871493	0.22641270	2.46607900	0.06638241	0.57898880	2.45695400	0.23049350	0.45793600	2.45894200	0.31565280	0.20258190	2.42368200	0.41956480	-0.01424822	2.37183800
4.23333300	0.03875480	0.22650050	2.46602500	0.06648752	0.57876950	2.45650800	0.23053990	0.45811600	2.45899300	0.31563500	0.20291160	2.42374600	0.41761790	-0.01059148	2.37279500
4.26666700	0.03869295	0.22651330	2.46590700	0.06615745	0.57875450	2.45611100	0.23058550	0.45810660	2.45896200	0.31546310	0.20340680	2.42330600	0.41822840	-0.01154703	2.37257700
4.30000000	0.03880162	0.22662650	2.46589000	0.06628832	0.57876310	2.45614000	0.23098090	0.45814810	2.45911900	0.31548180	0.20357810	2.42323200	0.41804610	-0.01073843	2.37248100
4.33333300	0.03895035	0.22651610	2.46573600	0.06648275	0.57872260	2.45604000	0.23097840	0.45805790	2.45905000	0.31560000	0.20338840	2.42308300	0.41862700	-0.01175441	2.37176700
4.36666700	0.03894877	0.22646430	2.46568400	0.06645843	0.57868780	2.45602000	0.23097600	0.45780640	2.45892000	0.31570790	0.20309470	2.42305600	0.41914240	-0.01264216	2.37119200
4.40000000	0.03899698	0.22648150	2.46564500	0.06645773	0.57866950	2.45581100	0.23109280	0.45794690	2.45896900	0.31574220	0.20307630	2.42305900	0.41924350	-0.01301356	2.37111200
4.43333300	0.03902700	0.22672750	2.46542400	0.06647767	0.57886410	2.45550400	0.23126280	0.45781820	2.45896100	0.31665210	0.20229380	2.42287400	0.41986640	-0.01511211	2.36968400
4.46666700	0.03913876	0.22668800	2.46530900	0.06653686	0.57892990	2.45543100	0.23138440	0.45778390	2.45872400	0.31666550	0.20219200	2.42249300	0.42034630	-0.01508991	2.36957500
4.50000000	0.03923272	0.22678840	2.46522900	0.06657848	0.57887980	2.45500500	0.23133740	0.45777640	2.45843100	0.31690050	0.20141670	2.42233500	0.42103920	-0.01579849	2.36907600
4.53333300	0.03930096	0.22658590	2.46510300	0.06643649	0.57885270	2.45488300	0.23122860	0.45765840	2.45818700	0.31696140	0.20151560	2.42208500	0.42208380	-0.01644051	2.36919400
4.56666700	0.03937685	0.22659710	2.46496900	0.06659500	0.57865970	2.45448800	0.23121390	0.45760150	2.45801400	0.31706500	0.20147950	2.42198400	0.42213580	-0.01638978	2.36949700
4.60000000	0.03939850	0.22661820	2.46493400	0.06634388	0.57848080	2.45435300	0.23134580	0.45764290	2.45801400	0.31728340	0.20137890	2.42184600	0.42233480	-0.01662289	2.36947900
4.63333300	0.03959139	0.22681880	2.46477700	0.06669635	0.57872270	2.45423300	0.23131250	0.45795020	2.45786500	0.31736610	0.20138240	2.42176800	0.42284310	-0.01737844	2.36942400
4.66666700	0.03958082	0.22672920	2.46467800	0.06645229	0.57868370	2.45415600	0.23140660	0.45793920	2.45773600	0.31741560	0.20132650	2.42168200	0.42355330	-0.01813982	2.36910200
4.70000000	0.03990736	0.22686350	2.46455500	0.06699011	0.57868590	2.45410900	0.23176890	0.45912730	2.45814200	0.31754120	0.20113340	2.42160700	0.42437370	-0.01872114	2.36829600
4.73333300	0.03999985	0.22690960	2.46441000	0.06698927	0.57871100	2.45396800	0.23179110	0.45921820	2.45814300	0.31788440	0.20056980	2.42119200	0.42554170	-0.01979301	2.36784600
4.76666700	0.04001708	0.22695050	2.46435100	0.06695774	0.57867650	2.45389200	0.23186800	0.45935610	2.45812000	0.31795950	0.20051890	2.42094700	0.42606220	-0.02045800	2.36770000
4.80000000	0.04013333	0.22711300	2.46430300	0.06716733	0.57875220	2.45384200	0.23196420	0.45961140	2.45810700	0.31824400	0.20019560	2.42044100	0.42790760	-0.02252515	2.36696100
4.83333300	0.04009276	0.22701980	2.46412300	0.06668454	0.57828080	2.45321700	0.23189640	0.45978570	2.45803700	0.31831890	0.20010340	2.42008200	0.42847810	-0.02288274	2.36716300
4.86666700	0.04027759	0.22719200	2.46397700	0.06697959	0.57865840	2.45288300	0.23187720	0.45978000	2.45794900	0.31822410	0.20028510	2.41984400	0.42844450	-0.02284451	2.36710400
4.90000000	0.04028004	0.22712460	2.46395600	0.06670326	0.57851530	2.45292600	0.23190110	0.45975460	2.45785300	0.31846500	0.19984940	2.41966100	0.42840960	-0.02290200	2.36691500
4.93333300	0.04025138	0.22712400	2.46388900	0.06647515	0.57858790	2.45288500	0.23196870	0.45953670	2.45770500	0.31901800	0.19785470	2.41922100	0.42894800	-0.02365471	2.36643400
4.96666700	0.04043015	0.22731100	2.46378900	0.06679176	0.57873910	2.45280300	0.23211750	0.45967150	2.45784800	0.31904310	0.19785350	2.41926400	0.42893020	-0.02357630	2.36642700
5.00000000	0.04046135	0.22720140	2.46368200	0.06645820	0.57858510	2.45267900	0.23183610	0.45956660	2.45742300	0.31904820	0.19784400	2.41925400	0.42967860	-0.02398930	2.36679100
5.03333300	0.04049289	0.22716600	2.46357700	0.06643217	0.57857470	2.45266000	0.23181580	0.45976280	2.45715900	0.31906520	0.19783800	2.41924000	0.42955310	-0.02370993	2.36670700
5.06666700	0.04050970	0.22724240	2.46346800	0.06641585	0.57861300	2.45261300	0.23186310	0.45979920	2.45712500	0.31888060	0.19921310	2.41924500	0.42949060	-0.02362344	2.36675400
5.10000000	0.04048827	0.22717780	2.46334900	0.06650636	0.57851370	2.45254500	0.23191040	0.45993980	2.45699200	0.31886450	0.19925030	2.41931100	0.42957230	-0.02361841	2.36637000
5.13333300	0.04056928	0.22717620	2.46330000	0.06654901	0.57853060	2.45256300	0.23194860	0.46001300	2.45688900	0.31885810	0.19925060	2.41930600	0.42935120	-0.02353475	2.36634300
5.16666700	0.04050232	0.22718720	2.46328800	0.06656606	0.57851140	2.45250800	0.23250560	0.46034450	2.45763300	0.31886000	0.19939900	2.41922700	0.42913230	-0.02386088	2.36589900
5.20000000	0.04052269	0.22716050	2.46318700	0.06653354	0.57855680	2.45249400	0.23249620	0.46009630	2.45714900	0.31892190	0.19926420	2.41900400	0.42906660	-0.02385849	2.36596900
5.23333300	0.04061153	0.22718680	2.46310300	0.06672967	0.57902710	2.45237200	0.23254890	0.46022700	2.45703000	0.31890380	0.19921780	2.41903200	0.42888460	-0.02426730	2.36570400
5.26666700	0.04063334	0.22718680	2.46302000	0.06654786	0.57923550	2.45222400	0.23256540	0.46026530	2.45701700	0.31887630	0.19929290	2.41889300	0.42886690	-0.02430483	2.36565000
5.30000000	0.04111217	0.22758990	2.46293000	0.06740167	0.57946660	2.45199200	0.23276350	0.46091490	2.45699900	0.31887400	0.19908600	2.41835100	0.42877430	-0.02427064	2.36567200
5.33333300	0.04120272	0.22758810	2.46287400	0.06741206	0.57953290	2.45185000	0.23267840	0.46110290	2.45664000	0.31889780	0.19905180	2.41822700	0.42886720	-0.02417951	2.36546000
5.36666700	0.04128414	0.22754770	2.46276900	0.06746420	0.57951040	2.45171000	0.23269440	0.46110380	2.45660400	0.31892180	0.19907730	2.41812900	0.42890350	-0.02420567	2.36522100
5.40000000	0.04137872	0.22761260	2.46269400	0.06749249	0.57938750	2.45153000	0.23280750	0.46116860	2.45619300	0.31896330	0.19903640	2.41808400	0.42894460	-0.02435240	2.36513800
5.43333300	0.04158085	0.22790490	2.46253300	0.06768084	0.57937250	2.45113400	0.23320980	0.46138960	2.45634800	0.31884930	0.19899000	2.41806300	0.42905050	-0.02431367	2.36499500
5.46666700	0.04169972	0.22802500	2.46243800	0.06804350	0.57940970	2.45095800	0.23307220	0.46174820	2.45595400	0.31907890	0.19883880	2.41786500	0.42914870	-0.02424290	2.36480800
5.50000000	0.04178138	0.22811860	2.46239500	0.06836510	0.57943560	2.45080200	0.23309090	0.46177280	2.45583000	0.31909490	0.19884840	2.41781400	0.42970720	-0.02445575	2.36441800
5.53333300	0.04181776	0.22811190	2.46239200	0.06834124	0.57938530	2.45087700	0.23300070	0.46177370	2.45566500	0.31922850	0.19903020	2.41759900	0.42992310	-0.02380711	2.36376600
5.56666700	0.04183915	0.22814490	2.46237200	0.06837375	0.57934530	2.45093400	0.23315440	0.46188910	2.45568300	0.31940330	0.19883330	2.41749700	0.43052730	-0.02393060	2.36309100
5.60000000	0.04200692	0.22820650	2.46227600	0.06854727	0.57943480	2.45080300	0.23353970	0.46214260	2.45503000	0.31976880	0.19830280	2.41683100	0.43096750	-0.02424583	2.36297100
5.63333300	0.04207166	0.22824790	2.46224300	0.06890842	0.57987760	2.45105700	0.23348580	0.46217670	2.45479200	0.31996450	0.19813430	2.41671400	0.43160250	-0.02403694	2.36298600
5.66666700	0.04209732	0.22825730	2.46219200	0.06908763	0.57978820	2.45098400	0.23345150	0.46220610	2.45466200	0.32003260	0.19807370	2.41663500	0.43222890	-0.02264693	2.36382600
5.70000000	0.02507071	0.23384080	2.46648300	0.03293575	0.58358930	2.45966600	0.21826010	0.47313510	2.46051500	0.47274130	0.35545860	2.42736600	0.69343860	0.30524610	2.39422300
5.73333300	0.02510935	0.23389160	2.46655400	0.03293590	0.58358950	2.45967700	0.21829930	0.47314010	2.46061800	0.47272230	0.35542370	2.42741800	0.69344760	0.30542740	2.39399400
5.76666700	0.02506200	0.23388050	2.46659700	0.03259725	0.58330990	2.45971800	0.21818530	0.47311720	2.46068000	0.47265540	0.35551760	2.42744300	0.69329460	0.30520900	2.39381400
5.80000000	0.02503004	0.23395140	2.46671400	0.03260407	0.58332800	2.45997300	0.21864790	0.47325700	2.46092100	0.47270260	0.35551910	2.42746300	0.69335470	0.30525140	2.39383400
5.83333300	0.02498356	0.23401950	2.46673500	0.03258290	0.58332770	2.45996000	0.21867230	0.47344900	2.46110800	0.47248150	0.35564350	2.42752400	0.69309200	0.30526690	2.39368900
5.86666700	0.02499427	0.23401400	2.46674300	0.03263848	0.58327620	2.45996900	0.21861690	0.47330250	2.46108500	0.47251780	0.35559760	2.42755400	0.69315570	0.30539550	2.39358100
5.90000000	0.02496458	0.23401210	2.46675000	0.03240922	0.58316340	2.45971500	0.21873730	0.47338160	2.46108200	0.47251340	0.35558210	2.42758100	0.69313020	0.30528030	2.39361900
5.93333300	0.02500789	0.23399010	2.46680400	0.03247542	0.58332490	2.45985300	0.21870240	0.47345760	2.46099700	0.47239150	0.35561650	2.42758300	0.69286700	0.30479970	2.39336800
5.96666700	0.02500023	0.23396020	2.46678500	0.03253642	0.58325560	2.45965600	0.21869280	0.47337350	2.46108500	0.47217830	0.35559930	2.42759600	0.69267890	0.30493070	2.39328700
6.00000000	0.02493500	0.23392930	2.46680300	0.03215061	0.58312760	2.45971700	0.21864470	0.47334610	2.46107900	0.47218160	0.35557490	2.42761800	0.69276750	0.30518570	2.39352800
6.03333300	0.02493459	0.23392750	2.46679500	0.03219221	0.58314870	2.45959800	0.21844980	0.47345860	2.46118400	0.47201980	0.35556860	2.42772000	0.69261350	0.30523240	2.39357900
6.06666700	0.02498119	0.23397200	2.46679600	0.03222081	0.58318090	2.45957300	0.21844570	0.47346600	2.46121300	0.47170350	0.35573460	2.42766500	0.69215890	0.30492880	2.39319600
6.10000000	0.02495515	0.23357300	2.46678700	0.03228840	0.58273570	2.45973200	0.21798970	0.47262840	2.46087800	0.47172320	0.35573820	2.42764000	0.69217990	0.30493580	2.39316600
6.13333300	0.02493854	0.23357350	2.46678800	0.03219574	0.58260360	2.45968000	0.21803450	0.47261600	2.46088700	0.47169170	0.35572260	2.42762900	0.69214310	0.30481080	2.39331700
6.16666700	0.02495660	0.23354000	2.46677800	0.03211852	0.58248450	2.45959100	0.21802590	0.47245940	2.46069700	0.47178350	0.35572340	2.42759300	0.69223200	0.30484060	2.39313100
6.20000000	0.02492904	0.23350940	2.46679700	0.03203275	0.58243890	2.45962800	0.21798500	0.47244330	2.46068500	0.47164080	0.35585960	2.42745700	0.69210850	0.30498610	2.39309300
6.23333300	0.02487657	0.23341840	2.46679100	0.03191172	0.58233210	2.45951800	0.21798470	0.47242520	2.46068100	0.47207170	0.35571380	2.42731000	0.69265590	0.30529870	2.39296900
6.26666700	0.02488629	0.23341030	2.46679500	0.03192144	0.58236270	2.45951500	0.21791860	0.47253490	2.46076200	0.47236710	0.35572310	2.42714900	0.69301880	0.30543680	2.39311900
6.30000000	0.02488654	0.23341060	2.46678100	0.03192157	0.58239130	2.45944800	0.21783790	0.47254410	2.46071100	0.47237610	0.35577580	2.42714700	0.69314710	0.30578810	2.39357800
6.33333300	0.02487493	0.23340730	2.46678700	0.03183471	0.58237080	2.45944200	0.21789670	0.47242190	2.46081500	0.47273680	0.35567410	2.42695000	0.69359420	0.30592540	2.39364100
6.36666700	0.02482210	0.23334910	2.46676400	0.03171568	0.58208640	2.45934000	0.21790550	0.47243660	2.46080300	0.47287710	0.35572890	2.42708500	0.69377340	0.30607570	2.39385500
6.40000000	0.02476790	0.23314390	2.46666000	0.03127319	0.58167020	2.45908200	0.21785860	0.47216360	2.46062100	0.47293740	0.35569750	2.42707100	0.69383450	0.30599780	2.39384300
6.43333300	0.02486947	0.23321310	2.46664600	0.03127091	0.58167200	2.45908100	0.21790690	0.47274180	2.46073200	0.47258250	0.35572710	2.42694400	0.69338490	0.30552540	2.39379600
6.46666700	0.02490673	0.23324460	2.46664100	0.03139677	0.58172490	2.45894700	0.21796990	0.47294010	2.46071100	0.47259670	0.35570310	2.42693000	0.69345380	0.30571110	2.39373200
6.50000000	0.02486815	0.23318020	2.46661200	0.03139428	0.58172610	2.45891700	0.21795500	0.47282800	2.46075000	0.47264290	0.35571180	2.42689500	0.69349000	0.30557710	2.39382000
6.53333300	0.02487348	0.23315900	2.46661900	0.03139094	0.58172910	2.45892600	0.21797350	0.47276770	2.46069100	0.47311690	0.35575350	2.42686100	0.69393430	0.30538930	2.39390700
6.56666700	0.02487578	0.23316050	2.46662100	0.03143641	0.58173570	2.45890700	0.21799040	0.47276010	2.46069400	0.47272550	0.35581860	2.42716500	0.69353630	0.30551430	2.39385600
6.60000000	0.02487161	0.23315710	2.46661500	0.03153545	0.58176590	2.45888600	0.21809340	0.47270660	2.46076800	0.47259090	0.35594400	2.42748000	0.69337580	0.30559810	2.39386400
6.63333300	0.02487489	0.23316930	2.46660400	0.03156829	0.58190200	2.45873700	0.21806960	0.47242780	2.46062400	0.47262210	0.35596110	2.42751400	0.69343270	0.30567500	2.39390800
6.66666700	0.02488923	0.23317110	2.46660600	0.03159871	0.58190170	2.45872400	0.21797530	0.47250410	2.46054600	0.47264180	0.35602430	2.42759500	0.69357970	0.30611710	2.39431700
6.70000000	0.02488870	0.23316580	2.46660900	0.03168753	0.58191450	2.45877700	0.21798730	0.47240960	2.46057300	0.47285500	0.35593270	2.42768600	0.69379750	0.30601730	2.39435100
6.73333300	0.02490327	0.23316470	2.46661100	0.03162282	0.58197280	2.45883200	0.21799900	0.47243990	2.46057000	0.47276140	0.35591860	2.42769800	0.69371370	0.30600210	2.39435100
6.76666700	0.02490746	0.23313940	2.46663400	0.03191215	0.58196560	2.45905900	0.21800820	0.47250150	2.46059700	0.47252790	0.35589240	2.42769300	0.69352510	0.30605900	2.39451300
6.80000000	0.02490216	0.23314480	2.46663300	0.03190914	0.58197440	2.45904800	0.21801720	0.47264050	2.46059500	0.47158540	0.35592800	2.42744900	0.69267630	0.30628760	2.39472800
6.83333300	0.02492207	0.23325590	2.46664000	0.03193745	0.58195910	2.45897600	0.21805900	0.47263970	2.46060400	0.47156770	0.35589750	2.42745000	0.69261350	0.30608150	2.39462500
6.86666700	0.02513221	0.23342460	2.46677800	0.03312183	0.58272570	2.45953500	0.21845040	0.47291280	2.46085600	0.47146690	0.35582760	2.42741100	0.69250770	0.30582710	2.39497200
6.90000000	0.02522942	0.23357580	2.46675000	0.03331969	0.58289660	2.45948800	0.21851040	0.47295820	2.46092800	0.47150170	0.35570230	2.42737300	0.69265230	0.30612240	2.39508800
6.93333300	0.02537791	0.23375840	2.46677300	0.03394604	0.58336220	2.45962000	0.21857850	0.47296660	2.46092800	0.47145020	0.35564400	2.42732200	0.69263970	0.30618650	2.39514600
6.96666700	0.02539694	0.23376140	2.46677400	0.03398602	0.58338000	2.45961800	0.21859260	0.47296530	2.46091000	0.47125240	0.35553360	2.42740100	0.69243490	0.30601270	2.39528700
7.00000000	0.02540216	0.23375720	2.46677900	0.03403688	0.58335740	2.45963500	0.21858390	0.47298490	2.46090900	0.47117260	0.35544790	2.42737500	0.69236350	0.30593920	2.39531400
7.03333300	0.02539452	0.23376730	2.46678200	0.03402485	0.58333020	2.45961700	0.21882250	0.47290840	2.46091800	0.47116930	0.35539450	2.42742700	0.69233360	0.30579730	2.39527500
7.06666700	0.02540622	0.23375120	2.46680700	0.03420067	0.58328680	2.45970100	0.21878840	0.47292470	2.46094000	0.47104600	0.35532510	2.42742100	0.69226530	0.30598770	2.39522200
7.10000000	0.02539193	0.23375780	2.46680600	0.03417594	0.58331010	2.45966100	0.21880460	0.47287850	2.46095200	0.47082020	0.35527670	2.42735800	0.69204800	0.30595500	2.39522100
7.13333300	0.02543323	0.23385390	2.46678200	0.03441869	0.58380380	2.45949800	0.21896670	0.47271910	2.46094800	0.47070100	0.35524430	2.42731700	0.69195310	0.30599070	2.39528900
7.16666700	0.02537861	0.23388120	2.46673800	0.03434785	0.58367830	2.45923900	0.21954290	0.47234000	2.46110500	0.47063230	0.35519280	2.42729700	0.69186070	0.30579030	2.39538800
7.20000000	0.02543754	0.23377740	2.46675200	0.03452943	0.58335680	2.45961800	0.21959730	0.47234540	2.46104000	0.47068490	0.35510220	2.42736700	0.69191440	0.30571930	2.39537700
7.23333300	0.02555730	0.23395220	2.46676500	0.03482309	0.58356800	2.45955200	0.21978820	0.47247770	2.46103800	0.47043720	0.35515750	2.42736200	0.69163890	0.30569060	2.39522300
7.26666700	0.02562096	0.23396530	2.46675500	0.03489013	0.58344630	2.45953600	0.21989930	0.47235000	2.46077200	0.47046690	0.35516440	2.42736400	0.69169220	0.30586950	2.39498900
7.30000000	0.02563299	0.23396630	2.46673600	0.03489854	0.58347720	2.45946100	0.21976910	0.47231200	2.46076300	0.47046910	0.35516770	2.42736600	0.69162720	0.30562380	2.39478000
7.33333300	0.02566406	0.23398370	2.46673500	0.03472209	0.58319620	2.45925600	0.22003740	0.47234580	2.46056400	0.47046610	0.35513730	2.42732300	0.69163300	0.30556880	2.39481400
7.36666700	0.02573722	0.23394720	2.46672600	0.03479007	0.58292760	2.45922300	0.21999620	0.47236990	2.46042700	0.47058480	0.35508160	2.42734800	0.69176280	0.30551270	2.39488500
7.40000000	0.02585472	0.23389540	2.46674700	0.03542194	0.58304140	2.45944100	0.21999300	0.47231680	2.46032300	0.47057430	0.35508820	2.42733900	0.69162390	0.30518090	2.39419200
7.43333300	0.02748686	0.19915430	2.45853700	-0.08653859	0.52573350	2.44367600	0.09860507	0.50838830	2.42879400	0.40728980	0.51138410	2.40647200	0.63931850	0.52557890	2.37309600
7.46666700	0.02747962	0.19926350	2.45848800	-0.08662865	0.52566190	2.44362600	0.09855882	0.50845750	2.42874300	0.40724950	0.51146350	2.40649700	0.63948330	0.52582760	2.37254400
7.50000000	0.02740729	0.19940760	2.45847000	-0.08660651	0.52564690	2.44340700	0.09851411	0.50850010	2.42866300	0.40723060	0.51126900	2.40650300	0.63940260	0.52593740	2.37242700
7.53333300	0.02735930	0.19902170	2.45842000	-0.08709868	0.52512020	2.44348300	0.09869057	0.50820990	2.42849400	0.40738730	0.51099150	2.40662100	0.63933970	0.52605990	2.37227000
7.56666700	0.02670066	0.19889800	2.45845300	-0.08708043	0.52536760	2.44309000	0.09853052	0.50830770	2.42845200	0.40722660	0.51112570	2.40651600	0.63926970	0.52612600	2.37211700
7.60000000	0.02623963	0.19968090	2.45822400	-0.08723078	0.52579580	2.44279500	0.09852722	0.50830780	2.42844500	0.40722670	0.51086080	2.40654800	0.63928500	0.52628510	2.37193400
7.63333300	0.02669771	0.19995020	2.45797000	-0.08711946	0.52594700	2.44261200	0.09855116	0.50834720	2.42834000	0.40725100	0.51105860	2.40697000	0.63910570	0.52621960	2.37183400
7.66666700	0.02681491	0.20007290	2.45773100	-0.08717545	0.52576490	2.44223900	0.09841133	0.50824700	2.42816000	0.40714130	0.51117740	2.40671400	0.63978390	0.52640170	2.37162900
7.70000000	0.02653923	0.19986400	2.45768500	-0.08712496	0.52574290	2.44226800	0.09835281	0.50807430	2.42800300	0.40707290	0.51122080	2.40686800	0.63951060	0.52661600	2.37207600
7.73333300	0.02629518	0.19983070	2.45764300	-0.08664734	0.52704890	2.44234300	0.09828451	0.50823090	2.42792300	0.40699700	0.51125410	2.40722700	0.63948980	0.52660140	2.37219000
7.76666700	0.02615898	0.19972390	2.45749100	-0.08685043	0.52637350	2.44181500	0.09805289	0.50830580	2.42782800	0.40677680	0.51131920	2.40722300	0.63948790	0.52668080	2.37216800
7.80000000	0.02623571	0.19972190	2.45745500	-0.08671864	0.52618070	2.44179600	0.09806333	0.50830250	2.42782400	0.40682050	0.51118180	2.40717300	0.63963870	0.52675740	2.37210600
7.83333300	0.02610271	0.19977630	2.45747500	-0.08661452	0.52614580	2.44185000	0.09822308	0.50831340	2.42781900	0.40698310	0.51152090	2.40738200	0.63995520	0.52678040	2.37209700
7.86666700	0.02624905	0.19974280	2.45726200	-0.08631910	0.52609710	2.44176400	0.09824783	0.50834170	2.42780200	0.40700760	0.51134460	2.40749500	0.64002750	0.52684340	2.37224500
7.90000000	0.02615985	0.19986170	2.45710100	-0.08653180	0.52669390	2.44141900	0.09849630	0.50823760	2.42767100	0.40725740	0.51127910	2.40723000	0.63996620	0.52695040	2.37243500
7.93333300	0.02615193	0.19988100	2.45694600	-0.08666576	0.52654430	2.44128800	0.09844793	0.50815280	2.42754800	0.40719820	0.51122740	2.40741600	0.64091800	0.52741340	2.37255300
7.96666700	0.02627557	0.20021850	2.45674700	-0.08668198	0.52618040	2.44119100	0.09844671	0.50818780	2.42754700	0.40719090	0.51122330	2.40745000	0.64090750	0.52729210	2.37223900
8.00000000	0.02633799	0.20021870	2.45664500	-0.08660763	0.52553520	2.44115900	0.09842832	0.50814940	2.42750400	0.40715880	0.51130690	2.40768200	0.64100840	0.52743520	2.37216300
8.03333400	0.02615331	0.20018820	2.45654700	-0.08650207	0.52504480	2.44075600	0.09839688	0.50814490	2.42748500	0.40712110	0.51138320	2.40771100	0.64098480	0.52745670	2.37215700
8.06666700	0.02631954	0.20045060	2.45662700	-0.08625787	0.52581290	2.44153300	0.09840108	0.50815950	2.42747700	0.40712310	0.51174310	2.40746900	0.64116880	0.52752330	2.37240600
8.10000000	0.02647810	0.20051750	2.45653500	-0.08641612	0.52593740	2.44150500	0.09814708	0.50815790	2.42738300	0.40689640	0.51181150	2.40727300	0.64113590	0.52754090	2.37235400
8.13333300	0.02650114	0.20034160	2.45646800	-0.08652870	0.52578410	2.44146600	0.09821317	0.50800500	2.42729700	0.40695950	0.51172790	2.40684600	0.64126340	0.52767930	2.37241600
8.16666700	0.02650657	0.20032970	2.45641100	-0.08667280	0.52592880	2.44142000	0.09808847	0.50789670	2.42730300	0.40684030	0.51186500	2.40702300	0.64125230	0.52775320	2.37269300
8.20000000	0.02649490	0.20021610	2.45638400	-0.08667708	0.52545380	2.44141900	0.09810510	0.50787260	2.42730500	0.40685800	0.51187640	2.40702400	0.64120310	0.52776370	2.37265900
8.23333400	0.02649010	0.20021630	2.45633800	-0.08669236	0.52546890	2.44143900	0.09807178	0.50789010	2.42730100	0.40681820	0.51185000	2.40732000	0.64145120	0.52776410	2.37259100
8.26666600	0.02635123	0.20016910	2.45653700	-0.08660518	0.52547220	2.44152000	0.09806285	0.50787780	2.42732100	0.40680600	0.51185930	2.40717600	0.64111820	0.52789060	2.37304500
8.30000000	0.02677182	0.20041850	2.45648400	-0.08653735	0.52544390	2.44174000	0.09822950	0.50780620	2.42735400	0.40696900	0.51179250	2.40702600	0.64115830	0.52794690	2.37304700
8.33333300	0.02673807	0.20039950	2.45644100	-0.08654323	0.52537650	2.44179000	0.09812021	0.50786510	2.42745500	0.40684510	0.51199260	2.40734200	0.64119170	0.52792040	2.37343200
8.36666700	0.02659117	0.19994130	2.45651400	-0.08695427	0.52433350	2.44201500	0.09820766	0.50799450	2.42766000	0.40692710	0.51205380	2.40750100	0.64118400	0.52795250	2.37344600
8.40000000	0.02680083	0.20022740	2.45665900	-0.08655950	0.52455900	2.44197700	0.09838507	0.50809820	2.42783500	0.40709850	0.51221580	2.40763400	0.64171900	0.52805710	2.37397500
8.43333300	0.02699057	0.20039530	2.45690600	-0.08585133	0.52487830	2.44255100	0.09838894	0.50808390	2.42784500	0.40708500	0.51248060	2.40791300	0.64164620	0.52816590	2.37415500
8.46666600	0.02698795	0.20070690	2.45703000	-0.08605468	0.52514740	2.44273600	0.09848431	0.50825420	2.42798600	0.40717380	0.51254760	2.40801300	0.64173720	0.52820500	2.37418200
8.50000000	0.02691933	0.20078690	2.45710300	-0.08623537	0.52481470	2.44272400	0.09859891	0.50827240	2.42795100	0.40727140	0.51272460	2.40820800	0.64163980	0.52821720	2.37435400
8.53333400	0.02757569	0.20114890	2.45715700	-0.08550857	0.52519460	2.44304400	0.09886380	0.50821600	2.42811000	0.40752640	0.51318840	2.40805900	0.64163020	0.52823420	2.37436300
8.56666700	0.02768015	0.20131870	2.45723300	-0.08531700	0.52548890	2.44328100	0.09891636	0.50828620	2.42827000	0.40756850	0.51319180	2.40839600	0.64223310	0.52842860	2.37501300
8.60000000	0.02762359	0.20122770	2.45738000	-0.08540639	0.52500240	2.44349800	0.09914073	0.50832050	2.42845600	0.40777950	0.51323310	2.40874900	0.64201550	0.52847980	2.37598900
8.63333300	0.02806282	0.20108720	2.45741100	-0.08534995	0.52491210	2.44362700	0.09918389	0.50841330	2.42859100	0.40780910	0.51325660	2.40896000	0.64194460	0.52851440	2.37602800
8.66666700	0.02878414	0.20058420	2.45763500	-0.08511528	0.52475320	2.44422600	0.09931295	0.50842130	2.42878600	0.40792650	0.51319490	2.40910500	0.64211060	0.52879480	2.37637400
8.70000000	0.02810160	0.20030830	2.45802200	-0.08492745	0.52427060	2.44441300	0.09942105	0.50840770	2.42893700	0.40803990	0.51330870	2.40932100	0.64241920	0.52907880	2.37659000
8.73333400	0.02820562	0.20058930	2.45822100	-0.08496427	0.52449200	2.44478800	0.09933628	0.50839620	2.42906100	0.40794710	0.51336320	2.40951700	0.64241200	0.52911760	2.37668800
8.76666600	0.02822409	0.20056310	2.45837500	-0.08487478	0.52441390	2.44481800	0.09924432	0.50867100	2.42932500	0.40785290	0.51350650	2.40966500	0.64230410	0.52929260	2.37687100
8.80000000	0.02783323	0.20063570	2.45892400	-0.08474068	0.52364410	2.44526200	0.09974229	0.50865040	2.42960300	0.40834610	0.51350690	2.40989700	0.64238830	0.52933230	2.37696600
8.83333300	0.02819519	0.20106820	2.45919400	-0.08485948	0.52373030	2.44569100	0.09963456	0.50866930	2.42974400	0.40820460	0.51397430	2.41076900	0.63958410	0.52998870	2.37819500
8.86666700	0.02840301	0.20117350	2.45942800	-0.08448394	0.52441980	2.44598800	0.09971931	0.50871250	2.42985100	0.40828280	0.51397790	2.41076100	0.63948080	0.53015760	2.37832200
8.90000000	0.02850068	0.20125270	2.45955000	-0.08446734	0.52452660	2.44603900	0.09978294	0.50884300	2.43018200	0.40835660	0.51398580	2.41077100	0.63921770	0.53046720	2.37859700
8.93333300	0.02917610	0.20136160	2.45980300	-0.08397131	0.52426290	2.44630800	0.09977478	0.50884240	2.43020100	0.40833700	0.51410870	2.41103300	0.63900380	0.53051870	2.37867200
8.96666600	0.02865831	0.20091880	2.46057700	-0.08394325	0.52403200	2.44671400	0.09974489	0.50882020	2.43025500	0.40829830	0.51424620	2.41121700	0.63864380	0.53112750	2.37901600
9.00000000	0.02881113	0.20089320	2.46065400	-0.08404286	0.52408730	2.44679400	0.09966961	0.50886200	2.43051500	0.40822140	0.51430450	2.41134800	0.63830880	0.53172840	2.37905200
9.03333400	0.02869051	0.20122500	2.46095500	-0.08406179	0.52409740	2.44689300	0.09978076	0.50889020	2.43059200	0.40833300	0.51434630	2.41137500	0.63773150	0.53217800	2.37888300
9.06666700	0.02881676	0.20114940	2.46106200	-0.08371811	0.52400080	2.44713600	0.10001750	0.50914680	2.43099800	0.40858360	0.51430810	2.41139100	0.63764360	0.53221390	2.37884400
9.10000000	0.02901298	0.20087950	2.46108800	-0.08343425	0.52397720	2.44713900	0.10039930	0.50908150	2.43131800	0.40895970	0.51429960	2.41142900	0.63796750	0.53230630	2.37890100
9.13333300	0.02924979	0.20087600	2.46133100	-0.08337118	0.52359790	2.44757600	0.10038870	0.50912080	2.43136700	0.40895100	0.51428440	2.41144200	0.63798770	0.53238210	2.37893800
9.16666700	0.02917977	0.20088180	2.46157500	-0.08336549	0.52357410	2.44805600	0.10081830	0.50953010	2.43181900	0.40939920	0.51425940	2.41133000	0.63759240	0.53253440	2.37888700
9.20000000	0.02925998	0.20087300	2.46176700	-0.08345724	0.52379150	2.44828800	0.10081570	0.50936520	2.43177700	0.40938430	0.51424240	2.41127800	0.63758680	0.53253130	2.37887900
9.23333400	0.02926305	0.20106810	2.46203800	-0.08326921	0.52375790	2.44846400	0.10102630	0.50937640	2.43194300	0.40960180	0.51423240	2.41122000	0.63732480	0.53249100	2.37876700
9.26666600	0.02930103	0.20117160	2.46224600	-0.08332669	0.52373900	2.44854900	0.10096830	0.50937000	2.43203500	0.40953990	0.51421820	2.41116300	0.63720610	0.53249520	2.37877600
9.30000000	0.02921889	0.20129660	2.46243500	-0.08334804	0.52372430	2.44868400	0.10105820	0.50933810	2.43211300	0.40964390	0.51455380	2.41060600	0.63740890	0.53227000	2.37832500
9.33333300	0.02913879	0.20145590	2.46272600	-0.08363387	0.52365210	2.44923500	0.10113180	0.50937150	2.43215800	0.40971600	0.51437660	2.41068600	0.63749950	0.53214080	2.37819000
9.36666700	0.02914551	0.20135060	2.46289700	-0.08376629	0.52375560	2.44969100	0.10090500	0.50941590	2.43227500	0.40948120	0.51436400	2.41101900	0.63726820	0.53195980	2.37834500
9.40000000	0.02855689	0.20088560	2.46319100	-0.08377161	0.52378500	2.44965800	0.10089900	0.50940820	2.43227600	0.40946860	0.51432170	2.41107600	0.63768480	0.53205560	2.37847400
9.43333300	0.02789200	0.20069490	2.46361700	-0.08377026	0.52389130	2.44959000	0.10103550	0.50930890	2.43233700	0.40960180	0.51420280	2.41114000	0.63786000	0.53197350	2.37851300
9.46666600	0.02785286	0.20070220	2.46365000	-0.08368815	0.52406280	2.44944600	0.10105970	0.50919320	2.43228100	0.40962520	0.51405200	2.41101100	0.63810470	0.53180660	2.37861800
9.50000000	-0.25683350	0.21017160	2.37755400	-0.16378420	0.51817740	2.36751400	-0.01110111	0.44173060	2.38338600	0.21529950	0.43807210	2.36110300	0.43714340	0.46286400	2.30956800
9.53333400	-0.25703620	0.20984770	2.37740900	-0.16400950	0.51765920	2.36757500	-0.01119450	0.44164030	2.38322400	0.21519090	0.43792210	2.36084900	0.43703610	0.46295780	2.30957500
9.56666700	-0.25700280	0.21022080	2.37714400	-0.15162840	0.55907980	2.36682000	-0.01141326	0.44145070	2.38301900	0.21496120	0.43802750	2.36066000	0.43686870	0.46267650	2.30958900
9.60000000	-0.25715220	0.20992970	2.37728200	-0.16334020	0.52053580	2.36977400	-0.01150760	0.44141010	2.38300200	0.21485770	0.43809210	2.36035900	0.43684950	0.46250160	2.30972200
9.63333300	-0.25700870	0.21092250	2.37690000	-0.14917970	0.56443920	2.36647300	-0.01143252	0.44156800	2.38299000	0.21492760	0.43819060	2.35955500	0.43714500	0.46205360	2.31001900
9.66666700	-0.25738940	0.21018210	2.37652400	-0.16744960	0.51351140	2.36515000	-0.01146836	0.44140390	2.38293800	0.21487210	0.43775980	2.35949100	0.43702810	0.46222270	2.31007600
9.70000000	-0.25751010	0.21006720	2.37634600	-0.16744860	0.51361520	2.36536000	-0.01152321	0.44148270	2.38280600	0.21479750	0.43764290	2.35939700	0.43694450	0.46215070	2.31005900
9.73333400	-0.25755130	0.21003500	2.37615800	-0.16722150	0.51384490	2.36541700	-0.01126620	0.44153270	2.38285500	0.21503630	0.43747570	2.35931400	0.43719530	0.46194880	2.31012700
9.76666600	-0.25741740	0.21059070	2.37603700	-0.15268380	0.56611910	2.36662700	-0.01148616	0.44140110	2.38289300	0.21480570	0.43755670	2.35925900	0.43699120	0.46185930	2.31021500
9.80000000	-0.25737820	0.21089020	2.37588600	-0.15255530	0.56575260	2.36663000	-0.01151469	0.44138440	2.38287300	0.21475860	0.43747690	2.35936500	0.43688520	0.46176820	2.31004900
9.83333300	-0.25750990	0.21036210	2.37577300	-0.16361120	0.51769610	2.36622200	-0.01166592	0.44121410	2.38290400	0.21459450	0.43749620	2.35942200	0.43669470	0.46189320	2.31011300
9.86666700	-0.25770250	0.21018520	2.37569600	-0.16377260	0.51745860	2.36645200	-0.01174819	0.44108050	2.38280400	0.21449770	0.43760280	2.35947700	0.43657140	0.46192600	2.31005700
9.90000000	-0.25779970	0.21089180	2.37592900	-0.14991040	0.56542940	2.36999800	-0.01223448	0.44102820	2.38284000	0.21399690	0.43773480	2.35962500	0.43601170	0.46200600	2.30990700
9.93333300	-0.25795920	0.21061380	2.37628900	-0.16328400	0.51702700	2.37112900	-0.01228739	0.44104920	2.38288100	0.21392940	0.43786810	2.35965600	0.43586460	0.46232390	2.30967800
9.96666600	-0.25802420	0.21102500	2.37649400	-0.15302800	0.56631880	2.36950700	-0.01264507	0.44092650	2.38283900	0.21355810	0.43793060	2.35963600	0.43550910	0.46225200	2.30976200
10.00000000	-0.25812410	0.21144870	2.37672600	-0.15296290	0.56636700	2.36961600	-0.01282790	0.44105270	2.38285000	0.21336140	0.43806540	2.35950700	0.43530820	0.46241350	2.30972300
10.03333000	-0.25824050	0.21138300	2.37693600	-0.16536360	0.51650690	2.37032600	-0.01183340	0.44490790	2.38335000	0.21423770	0.43741810	2.35981000	0.43589690	0.46317540	2.30935100
10.06667000	-0.25821810	0.21223420	2.37702400	-0.15009280	0.56462280	2.36996400	-0.01198146	0.44478450	2.38334200	0.21408190	0.43754180	2.35975700	0.43576280	0.46314970	2.30942300
10.10000000	-0.25839300	0.21272910	2.37725900	-0.15004990	0.56468340	2.37011900	-0.01229476	0.44468860	2.38325500	0.21375290	0.43760540	2.36001400	0.43530820	0.46316950	2.30900000
10.13333000	-0.25840060	0.21308380	2.37731900	-0.15008310	0.56473960	2.36979500	-0.01240458	0.44462740	2.38338600	0.21363150	0.43763220	2.35999100	0.43518080	0.46324820	2.30907400
10.16667000	-0.25845620	0.21303780	2.37737000	-0.16175150	0.52550180	2.36912700	-0.01262367	0.44453920	2.38344700	0.21340410	0.43776520	2.35993300	0.43498620	0.46315490	2.30915600
10.20000000	-0.25826850	0.21405500	2.37763700	-0.15143840	0.56001820	2.37069400	-0.01259798	0.44457260	2.38345200	0.21341370	0.43783540	2.35997900	0.43498650	0.46312350	2.30917800
10.23333000	-0.25829490	0.21412560	2.37786700	-0.15134230	0.56030580	2.37078900	-0.01284369	0.44443070	2.38365500	0.21316200	0.43798860	2.36001500	0.43479200	0.46302560	2.30948400
10.26667000	-0.25844620	0.21418460	2.37801600	-0.15135460	0.56049000	2.37054900	-0.01301100	0.44430260	2.38361700	0.21292310	0.43659180	2.36098300	0.43404570	0.46382520	2.30910600
10.30000000	-0.25844790	0.21428350	2.37816500	-0.15116350	0.56094320	2.37048500	-0.01323040	0.44375960	2.38367000	0.21271070	0.43679330	2.36099300	0.43390680	0.46356880	2.30932100
10.33333000	-0.25823980	0.21458800	2.37845400	-0.15089330	0.56158890	2.37071300	-0.01346858	0.44364440	2.38379600	0.21246870	0.43709280	2.36102400	0.43374730	0.46335170	2.30957500
10.36667000	-0.25828430	0.21482180	2.37856400	-0.15050260	0.56209090	2.37060500	-0.01352936	0.44363390	2.38391000	0.21233890	0.43569570	2.36150700	0.43322970	0.46405870	2.30943000
10.40000000	-0.25840870	0.21498240	2.37869900	-0.15097140	0.56232160	2.37048400	-0.01390706	0.44334420	2.38390700	0.21196130	0.43588980	2.36141000	0.43291900	0.46393690	2.30958900
10.43333000	-0.25852630	0.21522530	2.37891900	-0.15118380	0.56270370	2.37064500	-0.01396863	0.44332630	2.38395900	0.21187700	0.43570800	2.36142400	0.43278130	0.46407110	2.30963100
10.46667000	-0.25854130	0.21529550	2.37904600	-0.15111050	0.56274520	2.37069100	-0.01413468	0.44314600	2.38409100	0.21167660	0.43515510	2.36174700	0.43238770	0.46426860	2.30951500
10.50000000	-0.25851750	0.21561430	2.37927800	-0.15114100	0.56286120	2.37074100	-0.01405394	0.44310900	2.38410400	0.21173890	0.43511640	2.36176500	0.43245370	0.46423160	2.30965800
10.53333000	-0.25867870	0.21566370	2.37943400	-0.15147730	0.56285110	2.37074100	-0.01453777	0.44275020	2.38415200	0.21118500	0.43381790	2.36265400	0.43143780	0.46476330	2.30946000
10.56667000	-0.25880020	0.21602680	2.37973600	-0.15112460	0.56388060	2.37129000	-0.01463817	0.44272750	2.38419400	0.21109700	0.43463020	2.36272700	0.43149720	0.46404440	2.30929200
10.60000000	-0.25887300	0.21604540	2.37983700	-0.15137140	0.56380190	2.37120700	-0.01478123	0.44279380	2.38424300	0.21096160	0.43540490	2.36269700	0.43147490	0.46392700	2.30934100
10.63333000	-0.25925570	0.21609090	2.37993600	-0.15233610	0.56370750	2.37098800	-0.01530859	0.44254480	2.38453300	0.21043060	0.43549840	2.36281800	0.43085220	0.46471060	2.30955600
10.66667000	-0.25933520	0.21613180	2.38007500	-0.15261310	0.56364700	2.37094500	-0.01530761	0.44259570	2.38468000	0.21044160	0.43642490	2.36287000	0.43096800	0.46444760	2.30943200
10.70000000	-0.25952360	0.21627610	2.38034100	-0.15284000	0.56368250	2.37146900	-0.01577241	0.44245070	2.38474800	0.20994700	0.43641500	2.36365400	0.43028460	0.46438770	2.30925300
10.73333000	-0.25970090	0.21645430	2.38059900	-0.15300790	0.56388400	2.37147900	-0.01601754	0.44260760	2.38511200	0.20969560	0.43676400	2.36370000	0.43008400	0.46424620	2.30934100
10.76667000	-0.26011680	0.21666280	2.38095400	-0.15411550	0.56411520	2.37213400	-0.01618332	0.44259040	2.38508700	0.20951660	0.43691390	2.36366000	0.42988470	0.46440240	2.30929400
10.80000000	-0.26063900	0.21668580	2.38132100	-0.15443320	0.56428660	2.37244200	-0.01707054	0.44228450	2.38510100	0.20863050	0.43736320	2.36362800	0.42915060	0.46408420	2.30966900
10.83333000	-0.26086250	0.21675930	2.38150100	-0.15459680	0.56445130	2.37256400	-0.01842129	0.44194700	2.38540500	0.20728130	0.43765710	2.36365700	0.42782210	0.46381230	2.30953600
10.86667000	-0.26172210	0.21697420	2.38158700	-0.15503020	0.56465690	2.37246900	-0.01868099	0.44191490	2.38547200	0.20696580	0.43726350	2.36506200	0.42705410	0.46486520	2.30956700
10.90000000	-0.26223050	0.21702230	2.38177900	-0.15657000	0.56526810	2.37280200	-0.01931266	0.44166450	2.38545300	0.20633090	0.43806400	2.36523200	0.42654210	0.46425660	2.30957200
10.93333000	-0.26237520	0.21695970	2.38194400	-0.15692760	0.56526290	2.37311900	-0.02010909	0.44144010	2.38535300	0.20549670	0.43814130	2.36600000	0.42529000	0.46531700	2.30890100
10.96667000	-0.26273990	0.21688450	2.38203800	-0.15726750	0.56514360	2.37299200	-0.02051880	0.44157930	2.38556300	0.20506720	0.43795960	2.36613700	0.42478510	0.46535510	2.30888200
11.00000000	-0.26295810	0.21677570	2.38205000	-0.15760940	0.56514070	2.37293300	-0.02086888	0.44166680	2.38558000	0.20470760	0.43860040	2.36619700	0.42456680	0.46504340	2.30915000
11.03333000	-0.26328670	0.21700360	2.38203300	-0.15771830	0.56517370	2.37289000	-0.02092057	0.44242470	2.38581800	0.20462220	0.43851540	2.36656000	0.42439620	0.46540670	2.30944300
11.06667000	-0.26325270	0.21707480	2.38190700	-0.15821530	0.56474520	2.37266400	-0.02162114	0.44215270	2.38595900	0.20390800	0.43868370	2.36683300	0.42368100	0.46545430	2.30972300
11.10000000	-0.26359720	0.21721060	2.38197800	-0.15867600	0.56499850	2.37295600	-0.02185994	0.44218490	2.38619200	0.20369040	0.43972900	2.36627500	0.42380450	0.46500110	2.31008000
11.13333000	-0.26395910	0.21715960	2.38209500	-0.15885220	0.56503820	2.37306300	-0.02246437	0.44207670	2.38635700	0.20307670	0.43986170	2.36631200	0.42323820	0.46504970	2.31039100
11.16667000	-0.26407540	0.21712330	2.38212900	-0.15918530	0.56487900	2.37292700	-0.02285154	0.44229700	2.38661400	0.20267610	0.44041420	2.36660800	0.42276750	0.46478930	2.30993800
11.20000000	-0.26445790	0.21705770	2.38204200	-0.15971310	0.56462340	2.37248900	-0.02311490	0.44247560	2.38676900	0.20240370	0.44060780	2.36652800	0.42263630	0.46382960	2.31002200
11.23333000	-0.26469870	0.21705820	2.38203400	-0.15974630	0.56460230	2.37257400	-0.02299923	0.44312170	2.38712700	0.20248280	0.43979750	2.36702000	0.42241600	0.46432600	2.30979800
11.26667000	-0.26469930	0.21705520	2.38196300	-0.15963300	0.56462990	2.37243000	-0.02308529	0.44319750	2.38723400	0.20239600	0.44007140	2.36665500	0.42238040	0.46479970	2.30988600
11.30000000	-0.26486850	0.21715280	2.38173100	-0.15977650	0.56447830	2.37227700	-0.02325453	0.44344850	2.38726900	0.20219060	0.43958040	2.36701900	0.42198670	0.46540300	2.31001700
11.33333000	-0.26509460	0.21729970	2.38148500	-0.15980180	0.56441470	2.37223600	-0.02357553	0.44348940	2.38730000	0.20185640	0.43969460	2.36699000	0.42162330	0.46474480	2.30947600
11.36667000	-0.26505090	0.21744950	2.38133500	-0.15992120	0.56436460	2.37218500	-0.02400599	0.44337650	2.38727100	0.20138740	0.43878840	2.36722300	0.42094600	0.46544520	2.30969700
11.40000000	-0.26548230	0.21745270	2.38140900	-0.16008830	0.56419660	2.37244400	-0.02430730	0.44329710	2.38735200	0.20107490	0.43877300	2.36715600	0.42068420	0.46574800	2.31016300
11.43333000	-0.26565750	0.21745990	2.38135400	-0.16025050	0.56420140	2.37215200	-0.02456903	0.44382950	2.38745900	0.20080930	0.43917070	2.36668500	0.42058020	0.46451210	2.30960900
11.46667000	-0.26565100	0.21756010	2.38140000	-0.16041190	0.56420170	2.37233100	-0.02349511	0.44665150	2.38710800	0.20180580	0.43940820	2.36604900	0.42159970	0.46490610	2.30926200
11.50000000	-0.26529100	0.21782480	2.38122000	-0.16062400	0.56425520	2.37214000	-0.02369536	0.44654000	2.38713600	0.20160980	0.43983570	2.36594100	0.42148490	0.46474160	2.30930200
11.53333000	-0.26550400	0.21767690	2.38106500	-0.16061600	0.56419090	2.37183200	-0.02465810	0.44598220	2.38733500	0.20061770	0.43870890	2.36593300	0.42028720	0.46544350	2.30942500
11.56667000	-0.26567830	0.21768920	2.38095000	-0.16096220	0.56407170	2.37160600	-0.02472967	0.44598910	2.38723400	0.20048930	0.43786790	2.36629500	0.41974650	0.46594980	2.30864800
11.60000000	0.00641802	0.26299310	2.46046500	0.00344518	0.59490120	2.44682200	0.18371460	0.55913020	2.47217900	0.40158430	0.57300410	2.49074800	0.41289010	0.47174570	2.31089800
11.63333000	0.00635347	0.26301040	2.46037800	0.00338372	0.59473660	2.44678000	0.18334730	0.55955030	2.47212100	0.40123440	0.57309500	2.49063100	0.40603370	0.47754160	2.31314800
11.66667000	0.00619562	0.26309360	2.46030600	0.00334491	0.59467920	2.44678700	0.18331490	0.55957590	2.47212900	0.40119490	0.57310860	2.49060200	0.39917730	0.48333740	2.31539900
11.70000000	0.00608899	0.26300990	2.46025200	0.00322311	0.59440880	2.44683300	0.18314300	0.55964480	2.47211700	0.40098070	0.57343750	2.49064400	0.39232090	0.48913330	2.31764900
11.73333000	0.00599489	0.26303140	2.46021800	0.00315896	0.59440240	2.44692900	0.18307610	0.55961100	2.47214400	0.40088070	0.57360450	2.49069700	0.38546450	0.49492920	2.31989900
11.76667000	0.00589031	0.26308550	2.46010800	0.00305285	0.59455030	2.44662900	0.18296800	0.55972730	2.47208400	0.40082230	0.57380510	2.49029300	0.37860820	0.50072500	2.32215000
11.80000000	0.00581126	0.26306380	2.46000200	0.00300969	0.59418300	2.44653500	0.18279730	0.55982670	2.47209900	0.40070810	0.57394370	2.48994200	0.37175180	0.50652090	2.32440000
11.83333000	0.00578129	0.26306680	2.45987300	0.00295956	0.59382320	2.44624100	0.18274880	0.55985690	2.47210100	0.40068980	0.57408570	2.48968400	0.36489540	0.51231680	2.32665000
11.86667000	0.00575823	0.26309980	2.45973500	0.00282611	0.59385210	2.44605800	0.18275560	0.55991980	2.47196900	0.40066250	0.57407570	2.48966900	0.35803900	0.51811270	2.32890100
11.90000000	0.00566978	0.26311520	2.45951800	0.00277705	0.59381680	2.44537500	0.18270290	0.56006820	2.47186900	0.40056370	0.57407400	2.48977000	0.35118260	0.52390860	2.33115100
11.93333000	0.00562066	0.26309890	2.45928800	0.00258996	0.59378050	2.44515100	0.18252720	0.55999690	2.47176800	0.40041470	0.57436120	2.48934800	0.34432630	0.52970450	2.33340100
11.96667000	0.00569544	0.26314900	2.45903400	0.00254563	0.59362730	2.44482100	0.18247700	0.56005760	2.47162000	0.40034260	0.57420030	2.48930600	0.33746990	0.53550030	2.33565200
12.00000000	0.00555900	0.26328830	2.45882600	0.00190240	0.59365810	2.44470500	0.18245570	0.56008430	2.47149000	0.40028180	0.57422490	2.48929700	0.33061350	0.54129620	2.33790200
12.03333000	0.00547823	0.26332900	2.45871500	0.00188775	0.59362710	2.44499000	0.18235370	0.56007090	2.47141000	0.40015240	0.57422360	2.48927200	0.32375710	0.54709210	2.34015200
12.06667000	0.00549349	0.26333260	2.45855500	0.00201235	0.59370800	2.44495400	0.18233830	0.56004950	2.47138100	0.40013180	0.57426640	2.48917500	0.31690070	0.55288790	2.34240300
12.10000000	0.00546097	0.26338170	2.45844500	0.00183504	0.59344190	2.44496400	0.18246340	0.56008110	2.47132200	0.40021740	0.57489260	2.48904000	0.31004430	0.55868380	2.34465300
12.13333000	0.00546373	0.26341690	2.45831800	0.00196831	0.59372760	2.44479200	0.18245440	0.56011440	2.47124000	0.39981870	0.56903180	2.49228300	0.30318800	0.56447970	2.34690300
12.16667000	0.00548143	0.26343340	2.45822600	0.00202709	0.59371810	2.44482200	0.18244900	0.56019680	2.47110600	0.39983620	0.56975540	2.49185000	0.29633160	0.57027550	2.34915400
12.20000000	0.00551780	0.26346670	2.45807600	0.00203204	0.59361890	2.44462400	0.18245080	0.56020080	2.47110400	0.39983760	0.57057380	2.49160600	0.28947520	0.57607140	2.35140400
12.23333000	0.00551740	0.26350550	2.45791800	0.00206254	0.59335890	2.44431400	0.18251080	0.56010000	2.47115300	0.39987670	0.57079710	2.49161100	0.28261890	0.58186730	2.35365400
12.26667000	0.00554291	0.26352230	2.45777700	0.00207323	0.59331770	2.44426000	0.18256860	0.56008890	2.47116400	0.39994510	0.57122420	2.49140100	0.27576250	0.58766320	2.35590500
12.30000000	0.00549290	0.26340780	2.45759200	0.00206018	0.59330120	2.44423200	0.18255590	0.56005380	2.47118200	0.39990900	0.57146580	2.49139200	0.26890610	0.59345900	2.35815500
12.33333000	0.00552397	0.26341400	2.45751500	0.00223292	0.59322600	2.44440600	0.18260540	0.56011040	2.47113000	0.39996650	0.57182370	2.49115500	0.26204980	0.59925480	2.36040500
12.36667000	0.00552565	0.26343710	2.45743500	0.00229900	0.59330330	2.44435400	0.18265370	0.56015020	2.47103300	0.39998680	0.57188840	2.49111300	0.25519340	0.60505070	2.36265500
12.40000000	0.00554352	0.26341920	2.45735200	0.00228102	0.59335010	2.44436200	0.18265350	0.56015840	2.47098400	0.40002440	0.57229260	2.49071300	0.24833700	0.61084660	2.36490600
12.43333000	0.00568770	0.26357310	2.45735700	0.00258111	0.59350880	2.44458400	0.18296550	0.56052610	2.47101000	0.40038870	0.57238460	2.49049100	0.24148070	0.61664250	2.36715600
12.46667000	0.00624497	0.26360260	2.45744400	0.00321657	0.59342010	2.44469700	0.18315920	0.56056100	2.47095300	0.40056580	0.57252730	2.49041100	0.23462430	0.62243830	2.36940600
12.50000000	0.00626106	0.26360650	2.45740400	0.00315153	0.59339050	2.44466500	0.18334430	0.56055390	2.47084500	0.40071150	0.57289480	2.49031900	0.22776790	0.62823420	2.37165700
12.53333000	0.00632477	0.26363890	2.45743800	0.00357863	0.59359510	2.44492100	0.18335180	0.56068210	2.47076200	0.40069000	0.57287120	2.49033800	0.21405520	0.63982590	2.37615700
12.56667000	0.00634648	0.26364020	2.45743300	0.00354567	0.59353360	2.44495000	0.18336820	0.56067870	2.47076400	0.40075580	0.57287510	2.49003100	0.22817780	0.63634270	2.37926400
12.60000000	0.00639300	0.26369230	2.45741600	0.00360843	0.59378830	2.44493700	0.18331860	0.56072960	2.47064500	0.40074320	0.57315020	2.48960100	0.24230040	0.63285950	2.38237100
12.63333000	0.00641568	0.26374150	2.45742100	0.00361326	0.59388810	2.44488100	0.18336890	0.56080090	2.47052800	0.40080830	0.57315910	2.48935700	0.25642300	0.62937620	2.38547800
12.66667000	0.00644083	0.26374950	2.45740200	0.00363478	0.59397950	2.44489600	0.18355490	0.56091240	2.47042000	0.40107300	0.57329810	2.48878300	0.27054560	0.62589300	2.38858500
12.70000000	0.00652568	0.26380510	2.45737700	0.00375389	0.59380170	2.44482800	0.18357140	0.56104060	2.47021500	0.40107480	0.57348900	2.48855700	0.28466820	0.62240980	2.39169100
12.73333000	0.00654345	0.26379410	2.45734500	0.00379646	0.59391130	2.44479500	0.18355990	0.56108270	2.47014200	0.40107800	0.57344040	2.48836200	0.29879080	0.61892650	2.39479800
12.76667000	0.00659496	0.26381250	2.45734000	0.00391362	0.59413690	2.44488500	0.18349350	0.56110510	2.46999000	0.40099160	0.57344600	2.48823700	0.31291340	0.61544330	2.39790500
12.80000000	0.00660738	0.26378690	2.45731000	0.00400628	0.59406600	2.44483200	0.18352570	0.56110780	2.46994400	0.40099780	0.57347670	2.48823500	0.32703600	0.61196010	2.40101200
12.83333000	0.00660932	0.26376680	2.45727400	0.00398612	0.59380750	2.44475800	0.18366440	0.56106140	2.46986500	0.40121670	0.57372380	2.48760300	0.34115860	0.60847690	2.40411900
12.86667000	0.00664816	0.26379680	2.45727200	0.00401718	0.59362360	2.44475300	0.18363750	0.56108210	2.46978600	0.40116940	0.57365900	2.48757500	0.35528120	0.60499370	2.40722600
12.90000000	0.00686012	0.26383910	2.45730200	0.00414839	0.59353080	2.44469900	0.18394770	0.56148090	2.46962900	0.40149120	0.57363040	2.48740300	0.36940380	0.60151050	2.41033200
12.93333000	0.00694554	0.26393010	2.45725400	0.00475946	0.59406100	2.44472300	0.18395330	0.56149900	2.46961300	0.40148430	0.57380130	2.48733100	0.38352640	0.59802730	2.41343900
12.96667000	0.00705845	0.26405400	2.45714700	0.00471983	0.59393330	2.44440200	0.18412980	0.56161390	2.46968900	0.40165710	0.57380100	2.48738100	0.39764900	0.59454410	2.41654600
13.00000000	0.00715132	0.26404840	2.45700600	0.00460075	0.59396710	2.44401600	0.18414690	0.56156350	2.46970400	0.40166300	0.57383850	2.48735000	0.41177170	0.59106090	2.41965300
13.03333000	0.00715398	0.26406980	2.45687100	0.00459501	0.59413800	2.44373900	0.18425350	0.56161760	2.46972800	0.40175440	0.57390230	2.48736700	0.42589430	0.58757770	2.42276000
13.06667000	0.00729141	0.26402250	2.45678100	0.00461848	0.59414490	2.44371400	0.18410250	0.56164280	2.46966900	0.40159290	0.57387980	2.48729800	0.44001690	0.58409450	2.42586700
13.10000000	0.00734963	0.26405640	2.45665400	0.00469120	0.59405170	2.44352500	0.18403170	0.56157020	2.46966400	0.40156810	0.57395490	2.48694700	0.45413950	0.58061120	2.42897300
13.13333000	0.00737059	0.26402190	2.45651100	0.00463959	0.59376990	2.44329300	0.18403250	0.56149150	2.46968100	0.40156240	0.57397270	2.48689400	0.46826210	0.57712810	2.43208000
13.16667000	0.00767375	0.26397230	2.45638500	0.00475192	0.59372880	2.44321500	0.18413460	0.56147250	2.46971300	0.40158710	0.57423550	2.48715400	0.48238470	0.57364490	2.43518700
13.20000000	0.00777454	0.26403920	2.45634200	0.00500353	0.59359090	2.44329800	0.18429240	0.56160520	2.46974400	0.40173530	0.57424990	2.48719200	0.49650730	0.57016160	2.43829400
13.23333000	0.00792031	0.26418060	2.45623100	0.00537180	0.59357860	2.44321500	0.18469900	0.56185880	2.47004800	0.40216000	0.57436020	2.48737100	0.51062980	0.56667840	2.44140100
13.26667000	0.00793592	0.26414070	2.45611700	0.00535794	0.59340390	2.44311800	0.18478000	0.56177510	2.47012900	0.40222250	0.57439740	2.48743300	0.52475240	0.56319520	2.44450800
13.30000000	0.00796119	0.26413500	2.45604800	0.00552086	0.59336540	2.44323700	0.18501370	0.56178570	2.47005700	0.40235330	0.57436060	2.48781000	0.53887500	0.55971210	2.44761400
13.33333000	0.00797053	0.26412400	2.45598900	0.00557932	0.59346190	2.44337100	0.18503490	0.56170090	2.47008700	0.40232190	0.57441090	2.48798600	0.55299760	0.55622880	2.45072100
13.36667000	-0.04548116	0.24344040	2.49091600	-0.05760053	0.59466380	2.48485800	0.12295180	0.51664260	2.51557100	0.38935600	0.43850510	2.48360300	0.58124280	0.54926240	2.45693500
13.40000000	-0.04533593	0.24337300	2.49094700	-0.05739027	0.59447600	2.48497100	0.12285690	0.51676860	2.51561300	0.39150910	0.43954580	2.48358800	0.58327690	0.55052760	2.45695000
13.43333000	-0.04529270	0.24332370	2.49097200	-0.05734734	0.59455570	2.48496600	0.12292220	0.51666430	2.51567600	0.39222950	0.43990430	2.48362400	0.58394160	0.55098090	2.45685400
13.46667000	-0.04529326	0.24330910	2.49099300	-0.05754381	0.59447700	2.48500300	0.12286810	0.51672460	2.51568700	0.39315940	0.44032370	2.48357100	0.58484860	0.55149680	2.45715400
13.50000000	-0.04525368	0.24335140	2.49098900	-0.05742176	0.59434190	2.48487100	0.12300000	0.51678720	2.51582100	0.39315990	0.44033060	2.48358600	0.58471760	0.55176140	2.45730600
13.53333000	-0.04518635	0.24334810	2.49098500	-0.05730545	0.59435810	2.48493400	0.12290460	0.51664910	2.51564100	0.39316360	0.44033660	2.48359800	0.58468170	0.55185430	2.45734900
13.56667000	-0.04515016	0.24321400	2.49095000	-0.05728956	0.59425910	2.48493000	0.12282550	0.51657520	2.51560100	0.39293250	0.44036420	2.48362500	0.58453180	0.55175570	2.45736100
13.60000000	-0.04514896	0.24322180	2.49094100	-0.05725481	0.59438070	2.48500300	0.12284770	0.51641730	2.51575300	0.39299060	0.44041720	2.48364200	0.58459280	0.55182480	2.45743200
13.63333000	-0.04539670	0.24349350	2.49085500	-0.05799603	0.59397700	2.48407700	0.12296270	0.51642110	2.51599600	0.39334890	0.44045930	2.48385000	0.58470880	0.55234690	2.45807500
13.66667000	-0.04533999	0.24347710	2.49081200	-0.05775392	0.59393710	2.48392600	0.12287160	0.51626340	2.51582000	0.37218770	0.43304530	2.48617300	0.56640180	0.53986300	2.45999600
13.70000000	-0.04504508	0.24360580	2.49089300	-0.05784205	0.59415980	2.48425300	0.12286760	0.51636210	2.51600000	0.38299920	0.43643950	2.48697000	0.57586410	0.54546890	2.45905900
13.73333000	-0.04483718	0.24358790	2.49089500	-0.05767210	0.59420040	2.48438000	0.12284760	0.51645540	2.51620100	0.38675960	0.43821440	2.48609100	0.57940980	0.54773490	2.45894400
13.76667000	-0.04471361	0.24357650	2.49094600	-0.05777202	0.59403380	2.48443300	0.12293380	0.51645050	2.51627900	0.38445820	0.43884430	2.48685500	0.57827390	0.54629390	2.45965400
13.80000000	-0.04477956	0.24332170	2.49090600	-0.05771407	0.59397870	2.48439600	0.12277730	0.51637700	2.51630900	0.38577070	0.43925680	2.48699000	0.57922900	0.54733600	2.45959000
13.83333000	-0.04480772	0.24330120	2.49092100	-0.05785421	0.59376560	2.48445600	0.12283350	0.51633850	2.51639400	0.38801270	0.43997260	2.48665300	0.58111370	0.54873890	2.45953800
13.86667000	-0.04480866	0.24329990	2.49092600	-0.05788864	0.59378300	2.48438300	0.12281050	0.51622970	2.51626200	0.38852910	0.44012920	2.48652400	0.58146510	0.54921160	2.45949100
13.90000000	-0.04468168	0.24322770	2.49100800	-0.05700782	0.59404370	2.48516800	0.12277300	0.51617370	2.51638800	0.38969700	0.44021910	2.48630200	0.58232200	0.54988360	2.45942400
13.93333000	-0.04472649	0.24329230	2.49086300	-0.05742121	0.59341170	2.48450300	0.12282930	0.51619300	2.51655000	0.38032550	0.43539800	2.48733900	0.57317950	0.54462300	2.46008300
13.96667000	-0.04472249	0.24333450	2.49087900	-0.05745827	0.59365090	2.48437700	0.12279830	0.51628300	2.51658200	0.38255930	0.43638720	2.48683400	0.57529360	0.54588410	2.45996400
14.00000000	-0.04472068	0.24330420	2.49089300	-0.05750959	0.59354680	2.48437100	0.12274820	0.51632750	2.51658700	0.38593620	0.43776740	2.48546500	0.57827630	0.54809060	2.45963100
14.03333000	-0.04467384	0.24328470	2.49094200	-0.05733998	0.59353170	2.48451400	0.12275070	0.51632610	2.51659900	0.38907690	0.43917680	2.48490200	0.58122860	0.54986880	2.45930700
14.06667000	-0.04466909	0.24338060	2.49090700	-0.05737773	0.59307350	2.48355000	0.12277570	0.51652200	2.51676400	0.38914850	0.43919060	2.48487700	0.58152460	0.54949830	2.45920900
14.10000000	-0.04456171	0.24331750	2.49092600	-0.05718912	0.59300830	2.48365900	0.12293370	0.51649990	2.51684500	0.39002980	0.43923380	2.48458000	0.58225230	0.54985320	2.45918100
14.13333000	-0.04447168	0.24332600	2.49098800	-0.05692156	0.59298530	2.48375700	0.12300320	0.51648790	2.51689500	0.39071080	0.43955170	2.48473100	0.58297780	0.55011000	2.45934300
14.16667000	-0.04442603	0.24328360	2.49097900	-0.05694941	0.59319470	2.48365900	0.12304090	0.51665030	2.51686400	0.39100990	0.43963000	2.48476700	0.58324010	0.55023860	2.45912100
14.20000000	-0.04439173	0.24326390	2.49094200	-0.05666178	0.59308360	2.48346700	0.12304870	0.51665500	2.51687700	0.39171770	0.43977290	2.48453800	0.58389540	0.55051030	2.45909100
14.23333000	-0.04440473	0.24326770	2.49096500	-0.05646970	0.59318890	2.48369400	0.12318630	0.51678090	2.51711800	0.38689660	0.43931700	2.48484800	0.58017000	0.54813980	2.45936000
14.26667000	-0.04443149	0.24324630	2.49096100	-0.05635100	0.59292660	2.48368400	0.12304130	0.51713190	2.51733700	0.38790280	0.43965830	2.48494400	0.58114450	0.54852660	2.45923600
14.30000000	-0.04450540	0.24340820	2.49099500	-0.05637738	0.59295440	2.48373600	0.12333040	0.51700090	2.51740800	0.39069440	0.44019550	2.48468600	0.58338890	0.55005100	2.45903300
14.33333000	-0.04441875	0.24329700	2.49110100	-0.05636121	0.59287350	2.48404000	0.12331320	0.51701020	2.51740100	0.39131730	0.44015690	2.48448600	0.58383290	0.55036750	2.45907100
14.36667000	-0.04420402	0.24325340	2.49121500	-0.05599964	0.59292450	2.48444000	0.12325770	0.51719960	2.51766200	0.39125260	0.44026120	2.48447900	0.58382230	0.55039040	2.45904300
14.40000000	-0.04417472	0.24327820	2.49124400	-0.05584308	0.59291370	2.48449600	0.12324670	0.51718530	2.51759700	0.39137510	0.44023570	2.48441300	0.58383690	0.55052720	2.45860300
14.43333000	-0.04414088	0.24317300	2.49131700	-0.05549435	0.59290290	2.48507600	0.12322180	0.51724270	2.51764800	0.39172770	0.44034150	2.48457800	0.58413730	0.55071960	2.45859200
14.46667000	-0.04413838	0.24326530	2.49136300	-0.05556153	0.59310560	2.48517200	0.12325090	0.51725160	2.51763800	0.39306220	0.44062090	2.48489000	0.58504730	0.55170660	2.45851700
14.50000000	-0.04409873	0.24322540	2.49134700	-0.05568948	0.59300460	2.48494700	0.12322280	0.51718960	2.51760500	0.39314140	0.44065210	2.48483300	0.58502850	0.55190770	2.45833300
14.53333000	-0.04408603	0.24313430	2.49134900	-0.05572770	0.59291730	2.48493500	0.12320140	0.51710870	2.51759500	0.39398860	0.44025030	2.48465600	0.58544250	0.55229230	2.45838000
14.56667000	-0.04409013	0.24312320	2.49134100	-0.05581957	0.59276250	2.48487400	0.12319450	0.51704810	2.51758100	0.39406600	0.44040320	2.48465800	0.58552050	0.55246820	2.45845100
14.60000000	-0.04404924	0.24310630	2.49136100	-0.05576275	0.59264280	2.48480000	0.12310990	0.51699280	2.51749000	0.39416240	0.44049660	2.48465000	0.58562140	0.55256300	2.45837900
14.63333000	-0.04403914	0.24318600	2.49139100	-0.05579143	0.59269070	2.48482200	0.12318770	0.51695170	2.51752200	0.39436350	0.44062770	2.48464000	0.58578540	0.55277770	2.45840500
14.66667000	-0.04402365	0.24320340	2.49141800	-0.05592744	0.59270840	2.48501100	0.12322080	0.51693420	2.51753800	0.39453940	0.44084980	2.48483200	0.58594300	0.55304650	2.45859200
14.70000000	-0.04406230	0.24319160	2.49146200	-0.05622353	0.59259760	2.48523800	0.12317210	0.51664100	2.51744300	0.39458500	0.44093030	2.48511600	0.58598580	0.55312310	2.45866700
14.73333000	-0.04411238	0.24319540	2.49146300	-0.05628651	0.59263030	2.48523700	0.12319300	0.51672070	2.51764000	0.39463650	0.44105490	2.48545900	0.58615980	0.55311220	2.45951500
14.76667000	-0.04415802	0.24339130	2.49140700	-0.05635972	0.59276090	2.48518300	0.12320360	0.51673440	2.51765500	0.39486790	0.44106420	2.48555100	0.58629560	0.55329900	2.45959500
14.80000000	-0.04411954	0.24335460	2.49147100	-0.05635106	0.59286110	2.48565300	0.12318740	0.51666360	2.51770800	0.39529850	0.44125050	2.48588500	0.58666370	0.55356260	2.45953900
14.83333000	-0.04418578	0.24335570	2.49162600	-0.05624973	0.59304550	2.48593100	0.12322990	0.51662250	2.51791300	0.39522980	0.44125210	2.48604300	0.58658020	0.55357750	2.45945800
14.86667000	-0.04419933	0.24339540	2.49164200	-0.05632084	0.59307130	2.48586600	0.12322450	0.51664290	2.51792800	0.39516490	0.44119370	2.48622000	0.58647490	0.55358670	2.45949200
14.90000000	-0.04421501	0.24343170	2.49163700	-0.05632610	0.59309520	2.48586100	0.12307300	0.51660100	2.51791300	0.39521150	0.44124540	2.48638200	0.58651330	0.55365920	2.45957600
14.93333000	-0.04422161	0.24345500	2.49164200	-0.05636397	0.59315500	2.48572300	0.12307020	0.51674930	2.51801900	0.39523730	0.44132320	2.48643500	0.58652280	0.55378750	2.45969000
14.96667000	-0.04419512	0.24347760	2.49168200	-0.05635089	0.59316190	2.48568200	0.12306610	0.51666580	2.51796700	0.39526840	0.44130120	2.48649900	0.58645310	0.55396630	2.45987100
15.00000000	-0.04427525	0.24353680	2.49183600	-0.05634993	0.59316820	2.48568600	0.12308120	0.51667480	2.51797700	0.39584930	0.44169660	2.48671800	0.58701320	0.55437700	2.45979200
15.03333000	-0.04435261	0.24354760	2.49184700	-0.05688913	0.59343530	2.48547200	0.12307760	0.51666020	2.51797200	0.39588540	0.44171910	2.48683000	0.58712580	0.55431210	2.46012600
15.06667000	-0.04433461	0.24355980	2.49189900	-0.05670230	0.59336230	2.48564600	0.12297200	0.51669000	2.51770600	0.39598270	0.44181020	2.48685100	0.58718560	0.55448300	2.46014800
