0.00000000	-0.00860162	0.29217930	2.33111400	-0.01163546	0.68117310	2.33803300	0.15525280	0.55985570	2.37629900	0.23493860	0.29337150	2.35231100	0.29239700	0.07626925	2.25706800
0.03333334	-0.00856502	0.29214530	2.33115000	-0.01167147	0.68103360	2.33803500	0.15527720	0.55982290	2.37650700	0.23511310	0.29313760	2.35248600	0.29243380	0.07626347	2.25713200
0.06666667	-0.00860046	0.29212610	2.33117000	-0.01171138	0.68120180	2.33800000	0.15528730	0.55959740	2.37695200	0.23509700	0.29306670	2.35254700	0.29245490	0.07631712	2.25711000
0.10000000	-0.00857939	0.29205810	2.33119300	-0.01122495	0.68142110	2.33826300	0.15528240	0.55946530	2.37696400	0.23491170	0.29299390	2.35264700	0.29264150	0.07636165	2.25711900
0.13333330	-0.00857291	0.29206630	2.33120100	-0.01126436	0.68142240	2.33825000	0.15527570	0.55954560	2.37706800	0.23480210	0.29306470	2.35247900	0.29254650	0.07636011	2.25711600
0.16666670	-0.00857905	0.29212380	2.33125700	-0.01125779	0.68123350	2.33827800	0.15519430	0.55958190	2.37716000	0.23473200	0.29305920	2.35241800	0.29259470	0.07630941	2.25725500
0.20000000	-0.00858793	0.29209970	2.33129100	-0.01129594	0.68118990	2.33825200	0.15509710	0.55953470	2.37715400	0.23490780	0.29328760	2.35262600	0.29260940	0.07631659	2.25728000
0.23333330	-0.00858271	0.29202140	2.33134000	-0.01124170	0.68112840	2.33875500	0.15498590	0.55938470	2.37706400	0.23493340	0.29326310	2.35262400	0.29275980	0.07638724	2.25763300
0.26666670	-0.00857085	0.29197150	2.33138300	-0.01130275	0.68107430	2.33878400	0.15494330	0.55936810	2.37705100	0.23486000	0.29372560	2.35276500	0.29281290	0.07637678	2.25763900
0.30000000	-0.00859735	0.29197710	2.33140800	-0.01134254	0.68100800	2.33882300	0.15495510	0.55956290	2.37732500	0.23483120	0.29371220	2.35275100	0.29270580	0.07646956	2.25784800
0.33333330	-0.00870016	0.29193210	2.33146400	-0.01171994	0.68051150	2.33877000	0.15495700	0.55953880	2.37734400	0.23484100	0.29365190	2.35282900	0.29278200	0.07636143	2.25783800
0.36666670	-0.00868946	0.29188320	2.33153600	-0.01190473	0.68038790	2.33871900	0.15470770	0.55961600	2.37738900	0.23485800	0.29366400	2.35302100	0.29277710	0.07640242	2.25783100
0.40000000	-0.00858540	0.29186660	2.33163200	-0.01209831	0.68039300	2.33870300	0.15456600	0.55944310	2.37728700	0.23487540	0.29371720	2.35306200	0.29277610	0.07640189	2.25782900
0.43333330	-0.00853062	0.29188200	2.33178100	-0.01206266	0.68040160	2.33887500	0.15432480	0.55963330	2.37728900	0.23487130	0.29366760	2.35320000	0.29284230	0.07641985	2.25787800
0.46666670	-0.00854374	0.29187570	2.33181600	-0.01206837	0.68036850	2.33889200	0.15427930	0.55959390	2.37734700	0.23503090	0.29382590	2.35321400	0.29285450	0.07642300	2.25786800
0.50000000	-0.00858873	0.29193400	2.33189200	-0.01205915	0.68043880	2.33897200	0.15417450	0.55964700	2.37757900	0.23521550	0.29391830	2.35334500	0.29309290	0.07660867	2.25799100
0.53333340	-0.00892404	0.29229910	2.33203400	-0.01212389	0.68048330	2.33893000	0.15431550	0.55975620	2.37809400	0.23531080	0.29383260	2.35348200	0.29437960	0.07692063	2.25843600
0.56666670	-0.00891024	0.29245360	2.33220100	-0.01225239	0.68048260	2.33896400	0.15428340	0.55983500	2.37817600	0.23631070	0.29438970	2.35375100	0.29871190	0.07653040	2.25721600
0.60000000	-0.00893147	0.29246840	2.33222500	-0.01228305	0.68061190	2.33891600	0.15393380	0.56015240	2.37833600	0.23704450	0.29432490	2.35379100	0.30473610	0.07583982	2.25553700
0.63333330	-0.00898708	0.29259900	2.33238100	-0.01254763	0.68046450	2.33895400	0.15395300	0.56025960	2.37856800	0.23856710	0.29488370	2.35393700	0.31156530	0.07671249	2.25322600
0.66666670	-0.00917877	0.29272400	2.33248400	-0.01273703	0.68014130	2.33879100	0.15391270	0.56084840	2.37923500	0.24106280	0.29593410	2.35438800	0.32048800	0.07927211	2.24913500
0.70000000	-0.00932524	0.29328670	2.33283200	-0.01299820	0.68019500	2.33889200	0.15370070	0.56121970	2.37964100	0.24858670	0.29882870	2.35485200	0.33299160	0.08300229	2.24590600
0.73333330	-0.00967659	0.29332850	2.33298500	-0.01313859	0.67998290	2.33887200	0.15381480	0.56136040	2.37983000	0.25976100	0.29866950	2.35336000	0.35544220	0.08580039	2.23885300
0.76666670	-0.01021549	0.29381820	2.33338300	-0.01398643	0.67990240	2.33908800	0.15440100	0.56160230	2.38064900	0.27111770	0.30157450	2.35174500	0.36844250	0.09110039	2.23424800
0.80000000	-0.01061442	0.29423220	2.33369700	-0.01472428	0.68011420	2.33949400	0.15466260	0.56199880	2.38171500	0.28221990	0.30654290	2.35070300	0.39344600	0.11310000	2.23026300
0.83333330	-0.01098977	0.29447040	2.33398000	-0.01637892	0.67973460	2.33966800	0.15493520	0.56261280	2.38263400	0.29836760	0.31046210	2.34879900	0.42004080	0.12673810	2.22633100
0.86666670	-0.01142126	0.29461990	2.33419100	-0.01797571	0.67949600	2.34008500	0.15532720	0.56360170	2.38434800	0.31434690	0.31557320	2.34705700	0.44952540	0.15396990	2.22465700
0.90000000	-0.01189357	0.29490130	2.33453200	-0.01841360	0.67935650	2.34025200	0.15532440	0.56376520	2.38482400	0.33070340	0.32703480	2.34413300	0.48683430	0.18364620	2.22425900
0.93333330	-0.01223678	0.29517290	2.33490700	-0.01893589	0.67951880	2.34065900	0.15578490	0.56416010	2.38561300	0.35154180	0.34335540	2.34254200	0.50822030	0.19974510	2.22374200
0.96666660	-0.01344335	0.29602050	2.33558900	-0.02088701	0.67999240	2.34070200	0.15593080	0.56477750	2.38583900	0.36864050	0.35365460	2.34156300	0.54331210	0.23325640	2.22190500
1.00000000	-0.01393950	0.29639200	2.33596700	-0.02116899	0.67994200	2.34075400	0.15783750	0.56552760	2.38723800	0.37337060	0.37313580	2.34425400	0.56082130	0.27242540	2.22589100
1.03333300	-0.01450516	0.29710680	2.33648300	-0.02184901	0.67995130	2.34103900	0.15865060	0.56599690	2.38794000	0.38013640	0.39055960	2.34769200	0.57742970	0.31243240	2.22813400
1.06666700	-0.01480217	0.29767680	2.33691000	-0.02291686	0.67983020	2.34108700	0.15946080	0.56623860	2.38822100	0.39085280	0.41153000	2.35129500	0.59121530	0.34339310	2.23062400
1.10000000	-0.01518181	0.29856300	2.33745200	-0.02380906	0.68055150	2.34184100	0.16118680	0.56749340	2.38946700	0.40105720	0.42719100	2.35250800	0.60389950	0.36627250	2.23218900
1.13333300	-0.01544687	0.29928460	2.33789700	-0.02539601	0.68063380	2.34220900	0.16208830	0.56857420	2.38999700	0.39909260	0.45637950	2.36075700	0.60927380	0.42004350	2.24360700
1.16666700	-0.01580764	0.30029730	2.33824000	-0.02624279	0.68072020	2.34233400	0.16347740	0.57054310	2.39097100	0.41961540	0.47127730	2.35778000	0.63152630	0.44521440	2.24110600
1.20000000	-0.01617759	0.30125870	2.33858900	-0.02737609	0.68095290	2.34276500	0.16388440	0.57152300	2.39088400	0.41549070	0.49197610	2.36260000	0.62963380	0.48082210	2.24797200
1.23333300	-0.01639011	0.30243920	2.33925100	-0.02825921	0.68129360	2.34306800	0.16540510	0.57402150	2.39117900	0.42846590	0.51220820	2.36098000	0.64352360	0.51316530	2.24777300
1.26666700	-0.01648722	0.30309750	2.33953300	-0.02876044	0.68219280	2.34326600	0.16619850	0.57488390	2.39066300	0.43997660	0.53404550	2.35996800	0.65407250	0.55293630	2.24650800
1.30000000	-0.01624152	0.30416270	2.33991800	-0.02899317	0.68296820	2.34338400	0.16713580	0.57686000	2.38986800	0.44553790	0.54898260	2.36043200	0.66008730	0.57702110	2.25019700
1.33333300	-0.01600572	0.30498040	2.34033100	-0.02948653	0.68315020	2.34344100	0.16732250	0.57988040	2.38900500	0.44843500	0.56918220	2.36215000	0.66175220	0.60947640	2.25356300
1.36666700	-0.01588245	0.30601320	2.34082000	-0.02954782	0.68363290	2.34361200	0.16886410	0.58318670	2.38883700	0.45415550	0.58789520	2.36434000	0.66166640	0.64991240	2.25457900
1.40000000	-0.01537928	0.30729280	2.34149900	-0.02940152	0.68381370	2.34370400	0.17059810	0.58634640	2.38835500	0.45706310	0.60509100	2.36470400	0.66427620	0.67172900	2.25743200
1.43333300	-0.01503836	0.30831540	2.34189900	-0.02935024	0.68396030	2.34361900	0.17074250	0.58863120	2.38720300	0.45755420	0.61782680	2.36633300	0.66210510	0.69486990	2.26121200
1.46666700	-0.01453629	0.30927810	2.34223900	-0.02913785	0.68427930	2.34364200	0.17080610	0.59067240	2.38633100	0.46103840	0.63652610	2.36540500	0.66283730	0.72191600	2.26155300
1.50000000	-0.01406695	0.31020390	2.34269600	-0.02874316	0.68494340	2.34364300	0.17144650	0.59285270	2.38575700	0.45784710	0.64768680	2.36622500	0.65927640	0.73502990	2.26339400
1.53333300	-0.01345219	0.31131990	2.34314400	-0.02877048	0.68518420	2.34366300	0.17122220	0.59476660	2.38523800	0.45579080	0.66121590	2.36582200	0.65649830	0.75286070	2.26570600
1.56666700	-0.01321227	0.31180740	2.34317100	-0.02904552	0.68530830	2.34321100	0.17104750	0.59677300	2.38421900	0.45436690	0.67238180	2.36677000	0.65199670	0.76700330	2.26277100
1.60000000	-0.01278012	0.31288160	2.34329200	-0.02911460	0.68571870	2.34267200	0.17152850	0.59991910	2.38387000	0.45083430	0.68026710	2.36675200	0.64949620	0.77341050	2.26345100
1.63333300	-0.01218195	0.31386310	2.34330600	-0.02900742	0.68598070	2.34239600	0.17182960	0.60124250	2.38334200	0.44711800	0.68390860	2.36780000	0.64452280	0.77980800	2.26460400
1.66666700	-0.01173008	0.31485910	2.34339300	-0.02882933	0.68636450	2.34237700	0.17177390	0.60234030	2.38297200	0.44622010	0.68689240	2.36718000	0.64164700	0.78783330	2.26518100
1.70000000	-0.01149811	0.31524900	2.34337100	-0.02901815	0.68675420	2.34187700	0.17089660	0.60320830	2.38184900	0.44503310	0.68877300	2.36677100	0.64103200	0.78926820	2.26551700
1.73333300	-0.01127584	0.31558230	2.34335800	-0.02886782	0.68690740	2.34173500	0.17078640	0.60343650	2.38158700	0.44483030	0.68908470	2.36655300	0.64101570	0.78930620	2.26538100
1.76666700	-0.01133690	0.31571910	2.34334400	-0.02998073	0.68738340	2.34156200	0.17057210	0.60368930	2.38138100	0.44477340	0.68895530	2.36591800	0.64159260	0.78819720	2.26503100
1.80000000	-0.01139486	0.31576850	2.34334000	-0.03047655	0.68749040	2.34138700	0.17015770	0.60382220	2.38101100	0.44508090	0.68535900	2.36516200	0.64297270	0.78264810	2.26448200
1.83333300	-0.01147100	0.31578520	2.34334800	-0.03054275	0.68763020	2.34142700	0.16940620	0.60301880	2.38044500	0.44687210	0.67832320	2.36242500	0.65101530	0.76091190	2.26096300
1.86666700	-0.01170280	0.31576060	2.34326000	-0.03117710	0.68783010	2.34133800	0.16812570	0.60233460	2.37961700	0.44450070	0.65362270	2.36145200	0.64670470	0.74335750	2.26258300
1.90000000	-0.01199125	0.31563970	2.34308900	-0.03164419	0.68798540	2.34111700	0.16727160	0.60181200	2.37934300	0.44670240	0.64141770	2.35936400	0.65593970	0.71041980	2.25817500
1.93333300	-0.01252921	0.31538170	2.34282800	-0.03265313	0.68808510	2.34069100	0.16641450	0.60081340	2.37919900	0.44828630	0.62795970	2.35760300	0.65959590	0.68562570	2.25321600
1.96666700	-0.01295292	0.31523670	2.34269000	-0.03378315	0.68869450	2.34091600	0.16586250	0.60038790	2.37932200	0.44423460	0.60667350	2.35412000	0.65735970	0.64581780	2.24423400
2.00000000	-0.01338088	0.31486890	2.34235400	-0.03416597	0.68883560	2.34081400	0.16477680	0.59825340	2.37922300	0.44206890	0.59016180	2.35082800	0.65692420	0.62227830	2.24222700
2.03333300	-0.01395981	0.31428460	2.34191300	-0.03477420	0.68916210	2.34080200	0.16246220	0.59507800	2.37831100	0.43885350	0.56653950	2.34675200	0.65596780	0.57236150	2.23805500
2.06666700	-0.01432849	0.31406380	2.34181600	-0.03577116	0.68953630	2.34117500	0.16211090	0.59410670	2.37846400	0.43365650	0.54767360	2.34484500	0.65025780	0.54906030	2.23483400
2.10000000	-0.01483471	0.31344790	2.34162700	-0.03600037	0.68960700	2.34139800	0.16060040	0.59174040	2.37825800	0.42318160	0.51944410	2.34364800	0.63871930	0.50617870	2.23219500
2.13333300	-0.01525582	0.31270790	2.34141800	-0.03623907	0.68940070	2.34170200	0.15915050	0.58929410	2.37810500	0.40019350	0.49783640	2.34568400	0.61526070	0.46996000	2.23640600
2.16666700	-0.01572801	0.31183140	2.34107400	-0.03643666	0.68926640	2.34171000	0.15811810	0.58617910	2.37813700	0.39400730	0.48386450	2.34439100	0.60392960	0.43094600	2.23435200
2.20000000	-0.01633836	0.31089800	2.34077100	-0.03668755	0.68912190	2.34173100	0.15662790	0.58376140	2.37757000	0.38884720	0.46068710	2.33936000	0.59545870	0.39717640	2.22863900
2.23333300	-0.01666538	0.31030080	2.34053800	-0.03669140	0.68914160	2.34174200	0.15532390	0.58199840	2.37723100	0.38554300	0.43839090	2.33532100	0.58169290	0.34977040	2.22261800
2.26666700	-0.01682760	0.30977420	2.34045800	-0.03686986	0.68895500	2.34183900	0.15461690	0.58129800	2.37747000	0.37787900	0.42442610	2.33364600	0.56913290	0.32548280	2.22117800
2.30000000	-0.01690310	0.30947530	2.34044900	-0.03682490	0.68884840	2.34190600	0.15449480	0.58107330	2.37771800	0.37548890	0.40104790	2.32661200	0.55677660	0.28191480	2.21771400
2.33333300	-0.01704041	0.30805320	2.34017400	-0.03676529	0.68862840	2.34200600	0.15372540	0.57978090	2.37761000	0.37244390	0.38211460	2.32199900	0.54591050	0.25164930	2.21332900
2.36666700	-0.01713927	0.30743250	2.34014000	-0.03669979	0.68856980	2.34217300	0.15270370	0.57888220	2.37778200	0.35559400	0.36895110	2.32130200	0.51399090	0.21859460	2.21574200
2.40000000	-0.01717622	0.30702830	2.34011600	-0.03624330	0.68854220	2.34234200	0.15172410	0.57743430	2.37759500	0.34392760	0.35324050	2.32142100	0.50112520	0.19939880	2.21961600
2.43333300	-0.01751847	0.30643140	2.34004900	-0.03635839	0.68837970	2.34255600	0.15074590	0.57606770	2.37762200	0.33272770	0.34143130	2.32273800	0.46931230	0.16665930	2.22569600
2.46666700	-0.01757876	0.30535080	2.34008600	-0.03595908	0.68801020	2.34318100	0.14972780	0.57409970	2.37694000	0.32033900	0.32530780	2.32341500	0.44834720	0.14461150	2.22528600
2.50000000	-0.01765515	0.30459110	2.34018900	-0.03490400	0.68743690	2.34402000	0.14910340	0.57303800	2.37654300	0.31109850	0.31592810	2.32477500	0.42595130	0.12626420	2.22728400
2.53333300	-0.01760596	0.30377190	2.34031900	-0.03406753	0.68699720	2.34470100	0.14853040	0.57155830	2.37613000	0.29531570	0.30348700	2.32928800	0.39808640	0.10548250	2.23525300
2.56666700	-0.01748718	0.30307410	2.34034600	-0.03344911	0.68702570	2.34502000	0.14830350	0.57146360	2.37600200	0.28646790	0.29553380	2.33038200	0.38445810	0.09060624	2.24666900
2.60000000	-0.01754767	0.30196080	2.34028000	-0.03260931	0.68665640	2.34491900	0.14786630	0.57114270	2.37563200	0.26777420	0.28687430	2.33345500	0.35659700	0.07691516	2.25457100
2.63333300	-0.01741117	0.30173140	2.34032700	-0.03152610	0.68622700	2.34506500	0.14750690	0.57084450	2.37551700	0.25828660	0.28572920	2.33496800	0.33840180	0.07076640	2.26121900
2.66666700	-0.01721302	0.30103050	2.34042400	-0.03084064	0.68616590	2.34539000	0.14706200	0.57099580	2.37563100	0.24702860	0.28388890	2.33836800	0.31495490	0.06318673	2.27063800
2.70000000	-0.01719764	0.30084070	2.34047900	-0.02997881	0.68556790	2.34563600	0.14697070	0.57094480	2.37556300	0.23697210	0.28451030	2.34176800	0.29931160	0.06096715	2.27916200
2.73333300	-0.01695499	0.30054940	2.34050900	-0.02912174	0.68565280	2.34580300	0.14660120	0.57097270	2.37536600	0.23067750	0.28379150	2.34353300	0.28717860	0.05811889	2.28358500
2.76666700	-0.01653075	0.30003410	2.34072000	-0.02792912	0.68595140	2.34626700	0.14657700	0.57102140	2.37536700	0.22620400	0.28150400	2.34445000	0.27475700	0.05333100	2.28776600
2.80000000	-0.01643240	0.29967160	2.34085800	-0.02782616	0.68591880	2.34643900	0.14657670	0.57096190	2.37536100	0.22123290	0.28230830	2.34568700	0.26839900	0.05350359	2.29074400
2.83333300	-0.01613192	0.29905230	2.34095600	-0.02732440	0.68545700	2.34654800	0.14655330	0.57054530	2.37541700	0.21737140	0.28091570	2.34586800	0.26726630	0.05258048	2.29139900
2.86666700	-0.01614986	0.29856390	2.34101000	-0.02713169	0.68541120	2.34669400	0.14660650	0.57022750	2.37579900	0.21624160	0.28045190	2.34650400	0.26727830	0.05242352	2.29158500
2.90000000	-0.01625424	0.29780440	2.34091500	-0.02711875	0.68541330	2.34669200	0.14641600	0.56989970	2.37594200	0.21618440	0.28031260	2.34650700	0.27006990	0.05290332	2.29164800
2.93333300	-0.01632794	0.29764310	2.34096200	-0.02703582	0.68515450	2.34688200	0.14629570	0.56921680	2.37627100	0.21706700	0.27973610	2.34650200	0.28064530	0.05529112	2.28908800
2.96666700	-0.01662834	0.29731960	2.34107900	-0.02714864	0.68517260	2.34704600	0.14597960	0.56871410	2.37665800	0.22097850	0.27972750	2.34535700	0.30205140	0.06220779	2.28202700
3.00000000	-0.01681604	0.29722150	2.34111700	-0.02709872	0.68522580	2.34749200	0.14554720	0.56841850	2.37686700	0.23348860	0.27964960	2.34232900	0.32606640	0.06405243	2.27256000
3.03333300	-0.01692658	0.29717150	2.34117100	-0.02724680	0.68519260	2.34752300	0.14523140	0.56822650	2.37700900	0.24914700	0.28364170	2.33838400	0.35771090	0.06805890	2.26309000
3.06666700	-0.01723880	0.29716590	2.34130400	-0.02734268	0.68523740	2.34770500	0.14500240	0.56816260	2.37736500	0.26500430	0.28682160	2.33485600	0.38690780	0.08756854	2.25567300
3.10000000	-0.01758570	0.29710120	2.34144200	-0.02761633	0.68525240	2.34849000	0.14585410	0.56777630	2.37890100	0.28361460	0.29552860	2.32899200	0.41135690	0.10732740	2.24665500
3.13333300	-0.01779531	0.29701180	2.34161800	-0.02767380	0.68516550	2.34902400	0.14600930	0.56774460	2.37927900	0.30181400	0.30885950	2.32435900	0.44636070	0.13470540	2.23821900
3.16666700	-0.01802950	0.29704010	2.34173800	-0.02803170	0.68557740	2.34956900	0.14623850	0.56747040	2.37971000	0.31986870	0.32644490	2.32444000	0.47424870	0.16113840	2.23777200
3.20000000	-0.01832718	0.29725840	2.34192600	-0.02886838	0.68656430	2.35015900	0.14687400	0.56761470	2.38094300	0.33767380	0.33841030	2.32290600	0.51159060	0.19480500	2.23417400
3.23333300	-0.01874218	0.29741030	2.34202300	-0.03148343	0.68684350	2.35004200	0.14735640	0.56802250	2.38169000	0.36514110	0.35483830	2.31968500	0.54091170	0.21494280	2.22817300
3.26666700	-0.01918622	0.29778450	2.34216700	-0.03202095	0.68687810	2.35014500	0.14808570	0.56835860	2.38206100	0.37008250	0.36571860	2.32054700	0.56996900	0.26321460	2.22891200
3.30000000	-0.01945545	0.29826230	2.34249500	-0.03222083	0.68696820	2.35036700	0.14945500	0.56786600	2.38212700	0.38038600	0.38848150	2.32463600	0.58478280	0.29637710	2.23166100
3.33333300	-0.01969045	0.29851210	2.34264900	-0.03258237	0.68713780	2.35035600	0.15021470	0.56796020	2.38204600	0.38743380	0.40609060	2.32825800	0.59613060	0.32609210	2.23332400
3.36666700	-0.01991577	0.29906860	2.34286300	-0.03298335	0.68731520	2.35042700	0.15144400	0.56879090	2.38222000	0.40077530	0.42537180	2.32848000	0.61940160	0.37358340	2.23685200
3.40000000	-0.02008415	0.29996530	2.34318900	-0.03331857	0.68747780	2.35052600	0.15279180	0.56990180	2.38194500	0.41349180	0.45082490	2.32884200	0.63239390	0.39868530	2.23821500
3.43333300	-0.02016357	0.30051310	2.34328200	-0.03356605	0.68751720	2.35054900	0.15423100	0.57176640	2.38182500	0.42295280	0.47481070	2.33163900	0.64904810	0.45394690	2.24727600
3.46666700	-0.02022641	0.30122410	2.34333500	-0.03365066	0.68744360	2.35043600	0.15573790	0.57357170	2.38137800	0.40644620	0.50500210	2.34400800	0.63176270	0.47812950	2.25928800
3.50000000	-0.01987890	0.30209320	2.34340500	-0.03384141	0.68761950	2.35033000	0.15633760	0.57487670	2.38058800	0.42487820	0.51962580	2.34187500	0.65316800	0.51262890	2.26217600
3.53333300	-0.01954312	0.30269070	2.34345900	-0.03384865	0.68806360	2.35029200	0.15712220	0.57626430	2.37910300	0.43569170	0.53470430	2.34256100	0.66413960	0.54223160	2.26347900
3.56666700	-0.01922901	0.30386430	2.34368800	-0.03400209	0.68881290	2.35037600	0.15868970	0.57902530	2.37778500	0.44022950	0.54920580	2.34522100	0.66804270	0.57018410	2.26686500
3.60000000	-0.01918070	0.30574860	2.34379300	-0.03435728	0.68960970	2.34973500	0.15952690	0.58244260	2.37677500	0.44459090	0.56662800	2.34752600	0.67266260	0.59586170	2.27346500
3.63333300	-0.01862512	0.30664150	2.34393300	-0.03436500	0.69016090	2.34899100	0.16025670	0.58490880	2.37543200	0.44813900	0.58326970	2.35018400	0.67639200	0.61633720	2.27885400
3.66666700	-0.01802196	0.30775580	2.34426500	-0.03406293	0.69099320	2.34904800	0.16108840	0.58653110	2.37435400	0.44897290	0.59736560	2.35326100	0.67535340	0.64157480	2.28198600
3.70000000	-0.01761720	0.30843830	2.34444500	-0.03412144	0.69102130	2.34874000	0.16200290	0.58817130	2.37328300	0.45307950	0.60908250	2.35543000	0.67859250	0.65881060	2.28522700
3.73333300	-0.01706469	0.30946120	2.34470800	-0.03390627	0.69123820	2.34844200	0.16270400	0.58989060	2.37196900	0.45370630	0.62152220	2.35710700	0.67745120	0.68305500	2.29171000
3.76666700	-0.01597656	0.31147920	2.34523500	-0.03357290	0.69160650	2.34802600	0.16435550	0.59222540	2.37127500	0.45441280	0.63127760	2.35860300	0.67805260	0.69715360	2.29838200
3.80000000	-0.01510639	0.31329520	2.34553100	-0.03306383	0.69208010	2.34782800	0.16615770	0.59499560	2.37067900	0.45488060	0.63808060	2.36022600	0.67313050	0.72324290	2.30616400
3.83333300	-0.01468113	0.31382910	2.34566600	-0.03299491	0.69259420	2.34731400	0.16546600	0.59731660	2.36942900	0.45964400	0.65248050	2.36077500	0.67962200	0.73318240	2.30680600
3.86666700	-0.01427832	0.31489080	2.34555800	-0.03300539	0.69287260	2.34643800	0.16559110	0.59954360	2.36879700	0.46020940	0.66254170	2.36170400	0.68112830	0.74104260	2.30841200
3.90000000	-0.01401000	0.31610420	2.34545000	-0.03280640	0.69335220	2.34576400	0.16601120	0.60074210	2.36842000	0.46037700	0.66990860	2.36263600	0.68138420	0.74837580	2.30962900
3.93333300	-0.01383425	0.31661840	2.34536700	-0.03299451	0.69393460	2.34523300	0.16646710	0.60133110	2.36793800	0.46043440	0.67675950	2.36279500	0.67971250	0.76039790	2.31063200
3.96666700	-0.01331142	0.31774270	2.34538500	-0.03281179	0.69422680	2.34496900	0.16701810	0.60347150	2.36772600	0.45700600	0.68026910	2.36357900	0.67541370	0.76619200	2.31136200
4.00000000	-0.01329259	0.31868740	2.34541700	-0.03303305	0.69498470	2.34469700	0.16755110	0.60493590	2.36778200	0.45539490	0.68275830	2.36314700	0.67455230	0.76710810	2.31160500
4.03333300	-0.01322313	0.31887110	2.34549100	-0.03302852	0.69550970	2.34487500	0.16724400	0.60553850	2.36776900	0.45510150	0.68295200	2.36297700	0.67460510	0.76622530	2.31092600
4.06666700	-0.01317841	0.31894700	2.34543200	-0.03317308	0.69567660	2.34456200	0.16661180	0.60584030	2.36778800	0.45459130	0.68181340	2.36232300	0.67436340	0.76445560	2.31031900
4.10000000	-0.01323261	0.31904540	2.34536200	-0.03345289	0.69604410	2.34414800	0.16619630	0.60593840	2.36764200	0.45488940	0.67672150	2.36153900	0.67608740	0.75371710	2.30595600
4.13333300	-0.01347784	0.31937510	2.34510300	-0.03415164	0.69615550	2.34288600	0.16606390	0.60578360	2.36771700	0.44842860	0.65933020	2.36104500	0.66934850	0.73551650	2.30253100
4.16666700	-0.01386912	0.31941680	2.34482000	-0.03530825	0.69623150	2.34208200	0.16529410	0.60492040	2.36764200	0.44742850	0.64998380	2.35870400	0.67189860	0.70921610	2.29270100
4.20000000	-0.01445730	0.31900600	2.34449800	-0.03609188	0.69587090	2.34190000	0.16423200	0.60398830	2.36778500	0.44792710	0.63498910	2.35611600	0.67265390	0.68783310	2.28457300
4.23333300	-0.01474401	0.31879570	2.34429600	-0.03662709	0.69559130	2.34191300	0.16307680	0.60285380	2.36778200	0.44496270	0.61879070	2.35076000	0.67239890	0.65401140	2.27643200
4.26666700	-0.01515128	0.31862990	2.34398700	-0.03670456	0.69528660	2.34173000	0.16219200	0.60233160	2.36822200	0.44301980	0.59759860	2.34844100	0.67158700	0.61967260	2.27217800
4.30000000	-0.01660200	0.31769420	2.34326600	-0.04063372	0.69461080	2.34130400	0.16057430	0.60080290	2.36869100	0.43886880	0.56887550	2.34604800	0.66705930	0.58600900	2.26691700
4.33333300	-0.01736975	0.31676990	2.34266000	-0.04184800	0.69408190	2.34091800	0.15729750	0.59759010	2.36820300	0.43657080	0.55132840	2.34262500	0.66566280	0.54406150	2.26484000
4.36666700	-0.01805083	0.31607480	2.34220600	-0.04280851	0.69362680	2.34086300	0.15542990	0.59540500	2.36804700	0.42834870	0.52260700	2.33877000	0.65466370	0.49199650	2.25806000
4.40000000	-0.01863049	0.31500480	2.34163300	-0.04313457	0.69353540	2.34091400	0.15360510	0.59241900	2.36759700	0.40863100	0.50395480	2.33631500	0.63255930	0.45330690	2.25998900
4.43333300	-0.01945493	0.31411510	2.34106500	-0.04388411	0.69344680	2.34077000	0.15157540	0.59072250	2.36724700	0.39301250	0.47489950	2.33412500	0.61071160	0.40241070	2.25737700
4.46666700	-0.01998346	0.31295180	2.34066200	-0.04430275	0.69329260	2.34103300	0.15034220	0.58911540	2.36708900	0.39562780	0.43999010	2.32780700	0.60597830	0.35048140	2.24799300
4.50000000	-0.02053959	0.31132260	2.33987600	-0.04463640	0.69290890	2.34102500	0.14770740	0.58665080	2.36606800	0.38456950	0.42782460	2.32841400	0.58277240	0.31476740	2.24712900
4.53333300	-0.02050351	0.31039930	2.33963300	-0.04459714	0.69289940	2.34114200	0.14631030	0.58437180	2.36505000	0.37750210	0.40551390	2.32418000	0.57354780	0.28725790	2.24553500
4.56666700	-0.02081440	0.30840520	2.33882700	-0.04471883	0.69275860	2.34115900	0.14486290	0.58112060	2.36290400	0.37584900	0.38031110	2.31910600	0.54928170	0.23031290	2.24160200
4.60000000	-0.02064376	0.30750450	2.33850800	-0.04442945	0.69247730	2.34098900	0.14436270	0.57999500	2.36232400	0.36065740	0.35752510	2.31753400	0.53225230	0.20436260	2.24252600
4.63333300	-0.02082048	0.30684420	2.33823900	-0.04437567	0.69238690	2.34097200	0.14361020	0.57817510	2.36147500	0.34402230	0.34577300	2.31778200	0.49852030	0.17417900	2.24612900
4.66666700	-0.02092408	0.30509070	2.33761600	-0.04427835	0.69236430	2.34090500	0.14085700	0.57436140	2.35832700	0.33052750	0.32789250	2.31738600	0.46513890	0.14019810	2.24589100
4.70000000	-0.02098923	0.30455520	2.33752400	-0.04364091	0.69257380	2.34123000	0.14065920	0.57368640	2.35776100	0.31611420	0.31644930	2.31791700	0.44257810	0.12291680	2.24713700
4.73333300	-0.02094292	0.30422660	2.33731800	-0.04280487	0.69252280	2.34123600	0.14034090	0.57248900	2.35718600	0.30188020	0.30229820	2.31874300	0.40722070	0.09542173	2.25188300
4.76666700	-0.02054585	0.30318970	2.33679100	-0.04090825	0.69219290	2.34080700	0.13961130	0.57175270	2.35628600	0.29083120	0.29185650	2.32112300	0.39093260	0.08211152	2.25519700
4.80000000	-0.01981834	0.30173700	2.33612700	-0.03936901	0.69183030	2.34045900	0.13899170	0.57157340	2.35583400	0.27012940	0.28154130	2.32355700	0.35241080	0.06351021	2.26036200
4.83333300	-0.01943919	0.30115140	2.33578000	-0.03804046	0.69143870	2.34016000	0.13856560	0.57127330	2.35528700	0.25650520	0.28136450	2.32587500	0.33439000	0.06102587	2.26574000
4.86666700	-0.01867538	0.30034910	2.33569100	-0.03657949	0.69165770	2.34036200	0.13851280	0.57101140	2.35469000	0.24428570	0.28174720	2.32837100	0.30184560	0.05337206	2.27858900
4.90000000	-0.01846754	0.29982230	2.33564100	-0.03578684	0.69165640	2.34059300	0.13856310	0.57017330	2.35404700	0.23538250	0.27914690	2.33011700	0.28340090	0.04832807	2.28179400
4.93333300	-0.01763222	0.29925100	2.33553700	-0.03547980	0.69171910	2.34057700	0.13861350	0.56982350	2.35359100	0.22676880	0.28160650	2.33158600	0.26496850	0.04865494	2.28527300
4.96666700	-0.01680187	0.29820970	2.33532000	-0.03345552	0.69189980	2.34044900	0.13869590	0.56892110	2.35232800	0.22171570	0.28188740	2.33220400	0.25809760	0.04851000	2.28674900
5.00000000	-0.01638954	0.29792650	2.33518100	-0.03164677	0.69158450	2.33978700	0.13898960	0.56866330	2.35195000	0.21721010	0.28157640	2.33233200	0.25080210	0.04779103	2.28666400
5.03333300	-0.01607451	0.29786050	2.33514300	-0.03048696	0.69204040	2.33966700	0.13910790	0.56868070	2.35176700	0.21426420	0.28278640	2.33255900	0.24754750	0.04892766	2.28699500
5.06666700	-0.01584980	0.29780190	2.33514300	-0.02959527	0.69182770	2.33944100	0.13925150	0.56861690	2.35152700	0.21292560	0.28196130	2.33243300	0.24620730	0.04811275	2.28666700
5.10000000	-0.01539573	0.29761230	2.33507300	-0.02852721	0.69153930	2.33916500	0.13946640	0.56860970	2.35125600	0.21280550	0.28178410	2.33236800	0.24565360	0.04795294	2.28589400
5.13333300	-0.01510052	0.29738510	2.33502700	-0.02781539	0.69168880	2.33903800	0.13986490	0.56819220	2.35093400	0.21270530	0.28171460	2.33215100	0.24792720	0.04841216	2.28425200
5.16666700	-0.01522436	0.29711860	2.33486500	-0.02751520	0.69188650	2.33907200	0.13987470	0.56809750	2.35082600	0.21434790	0.28001810	2.33058100	0.26406810	0.04983732	2.27948200
5.20000000	-0.01552808	0.29686340	2.33474300	-0.02728693	0.69187560	2.33905500	0.13995670	0.56752200	2.35087200	0.21780270	0.27952590	2.32836400	0.28325160	0.05456287	2.27014100
5.23333300	-0.01577410	0.29678310	2.33472700	-0.02703105	0.69153340	2.33932500	0.14006090	0.56736310	2.35176700	0.22658150	0.27923010	2.32420800	0.31376440	0.05628843	2.25779400
5.26666700	-0.01613947	0.29668500	2.33464500	-0.02703849	0.69122820	2.33942100	0.14048760	0.56697740	2.35260200	0.24648410	0.27696660	2.31759700	0.33978810	0.06306672	2.24742300
5.30000000	-0.01683369	0.29650180	2.33460100	-0.02709961	0.69118060	2.33946800	0.14096800	0.56678580	2.35358800	0.26927470	0.28098050	2.31360800	0.37563030	0.07630549	2.23872300
5.33333300	-0.01724698	0.29654560	2.33457800	-0.02708248	0.69105140	2.33962800	0.14249880	0.56648580	2.35515300	0.28348900	0.28798950	2.31225300	0.40705080	0.09547326	2.23038800
5.36666700	-0.01739747	0.29645430	2.33457100	-0.02739442	0.69049080	2.34023100	0.14307220	0.56614400	2.35586700	0.30511590	0.30562200	2.31071400	0.44704160	0.12737030	2.22574000
5.40000000	-0.01779149	0.29643860	2.33463500	-0.02744994	0.69046470	2.34050100	0.14411840	0.56588510	2.35705500	0.32083850	0.31803340	2.30752800	0.47385610	0.14849970	2.22417500
5.43333300	-0.01821337	0.29640780	2.33470600	-0.02742010	0.69068550	2.34149800	0.14589820	0.56622410	2.35917000	0.34047650	0.33506480	2.30771000	0.50961690	0.18344490	2.22033200
5.46666700	-0.01846575	0.29637010	2.33487900	-0.02745288	0.69058330	2.34211100	0.14753540	0.56589970	2.36085900	0.36274540	0.35064610	2.30823800	0.54165460	0.21176370	2.21874600
5.50000000	-0.01873253	0.29690920	2.33542100	-0.02723040	0.69050650	2.34281900	0.15101820	0.56667730	2.36325700	0.37077870	0.36840430	2.30979100	0.56987520	0.26006150	2.22078600
5.53333300	-0.01902159	0.29807450	2.33629800	-0.02698026	0.69085690	2.34365100	0.15459650	0.56805260	2.36581400	0.38272010	0.38856790	2.31499600	0.58593660	0.29058090	2.22281500
5.56666700	-0.01894125	0.29889310	2.33702800	-0.02685540	0.69073340	2.34435500	0.15577250	0.56864820	2.36679300	0.39613680	0.40826480	2.31653900	0.60967860	0.33503450	2.22475200
5.60000000	-0.01864539	0.29982190	2.33799400	-0.02616507	0.69136170	2.34571800	0.15791430	0.56934770	2.36807700	0.40500570	0.42932680	2.32114500	0.62016740	0.36188370	2.22858300
5.63333300	-0.01817353	0.30060230	2.33871500	-0.02557802	0.69172930	2.34652700	0.15957250	0.57040450	2.36883100	0.42163600	0.45973600	2.32251500	0.64526140	0.41986730	2.23493800
5.66666700	-0.01807826	0.30100720	2.33914000	-0.02566127	0.69145230	2.34662600	0.16391870	0.57135490	2.37007700	0.43216100	0.47435200	2.32388300	0.66042860	0.47739490	2.23993100
5.70000000	-0.01764089	0.30210300	2.33981800	-0.02571174	0.69142880	2.34678600	0.16600210	0.57207510	2.37008100	0.44030430	0.50170700	2.33067300	0.66760430	0.48994680	2.24451400
5.73333300	-0.01686178	0.30253700	2.34032000	-0.02505232	0.69173820	2.34742400	0.16880490	0.57259550	2.36969900	0.44853280	0.52269120	2.33413200	0.67767730	0.54643880	2.25743900
5.76666700	-0.01532235	0.30426300	2.34165400	-0.02374385	0.69276270	2.34822900	0.17207660	0.57507050	2.36987600	0.45294260	0.54338160	2.33785400	0.68199440	0.56047000	2.25869300
5.80000000	-0.01392801	0.30601960	2.34294900	-0.02299542	0.69323750	2.34859000	0.17551350	0.57820370	2.37037800	0.45738210	0.56328490	2.34083000	0.68578530	0.59684940	2.26597800
5.83333300	-0.01293762	0.30747810	2.34409700	-0.02208373	0.69484070	2.34954500	0.17705070	0.57978950	2.37048700	0.45819260	0.57663490	2.34423500	0.68601610	0.61324270	2.26897400
5.86666700	-0.01127571	0.30856590	2.34536400	-0.02107770	0.69494160	2.35010100	0.17938280	0.58231070	2.37070600	0.45984970	0.59279090	2.34669500	0.68606140	0.63980720	2.27260000
5.90000000	-0.01025590	0.31046050	2.34648000	-0.02066294	0.69522460	2.35026100	0.18096020	0.58445140	2.37087500	0.46670090	0.60698190	2.34931600	0.69171020	0.66058980	2.27623000
5.93333300	-0.00879474	0.31143080	2.34746800	-0.01948053	0.69544850	2.35085700	0.18238830	0.58741680	2.37146400	0.46714120	0.61776960	2.35181700	0.68993520	0.68315890	2.28233900
5.96666700	-0.00811227	0.31309130	2.34826700	-0.01898139	0.69601150	2.35134800	0.18380770	0.58991110	2.37173900	0.46678080	0.62712200	2.35367600	0.67413260	0.73443650	2.28993900
6.00000000	-0.00767315	0.31410240	2.34890800	-0.01916635	0.69644800	2.35168900	0.18487550	0.59280600	2.37187200	0.46411600	0.63689270	2.35527400	0.67648130	0.73361470	2.29099000
6.03333300	-0.00675824	0.31470070	2.34953500	-0.01794703	0.69745810	2.35233100	0.18545830	0.59451250	2.37185700	0.46692040	0.65079090	2.35760900	0.68297680	0.73866400	2.29281100
6.06666700	-0.00602610	0.31526380	2.35015700	-0.01786839	0.69742310	2.35242500	0.18615320	0.59642920	2.37215300	0.46451160	0.66255410	2.35781100	0.67968680	0.75586610	2.29945400
6.10000000	-0.00570562	0.31615200	2.35054700	-0.01777820	0.69791830	2.35264300	0.18650440	0.59826030	2.37236000	0.46264770	0.67253690	2.35772100	0.68035810	0.76010160	2.30004400
6.13333300	-0.00534265	0.31665580	2.35080800	-0.01774376	0.69790070	2.35261300	0.18650590	0.60140460	2.37285400	0.45735900	0.67684520	2.35951200	0.67337060	0.76924620	2.30345800
6.16666700	-0.00524133	0.31724760	2.35109800	-0.01775374	0.69791340	2.35259500	0.18661510	0.60246280	2.37303800	0.45675870	0.68190160	2.35972600	0.67097180	0.77829810	2.30348800
6.20000000	-0.00466664	0.31788160	2.35164800	-0.01711981	0.69848420	2.35318000	0.18640780	0.60533410	2.37465500	0.45570450	0.68424370	2.36010400	0.66956500	0.78111330	2.30321200
6.23333300	-0.00458211	0.31812610	2.35179100	-0.01747184	0.69889740	2.35314600	0.18610180	0.60560570	2.37481700	0.45422830	0.68496370	2.36024500	0.66835560	0.78108160	2.30305400
6.26666700	-0.00469353	0.31831510	2.35190200	-0.01795889	0.69938870	2.35328400	0.18568270	0.60572590	2.37498000	0.45444890	0.68454020	2.36036800	0.66894530	0.77953400	2.30257100
6.30000000	-0.00481040	0.31839530	2.35201700	-0.01826673	0.69942380	2.35330200	0.18526070	0.60573660	2.37516400	0.45512490	0.68300850	2.36019400	0.67383460	0.76761580	2.30198200
6.33333300	-0.00515164	0.31854380	2.35219700	-0.01836295	0.69939180	2.35342700	0.18459700	0.60528650	2.37569400	0.45718350	0.67211660	2.35962500	0.67628180	0.75437170	2.29898400
6.36666700	-0.00579401	0.31853460	2.35238400	-0.01961916	0.69926490	2.35385800	0.18345200	0.60483550	2.37629600	0.45467890	0.65285990	2.35953800	0.67422370	0.73156690	2.29506300
6.40000000	-0.00665259	0.31820170	2.35244800	-0.02064933	0.69920770	2.35416800	0.18162580	0.60366630	2.37682400	0.45810360	0.64044450	2.35913600	0.68228710	0.69799040	2.28703700
6.43333300	-0.00746466	0.31798940	2.35260200	-0.02121855	0.69913280	2.35483700	0.17920530	0.60269270	2.37863700	0.45588740	0.62372490	2.35794400	0.68037640	0.67779000	2.28374700
6.46666700	-0.00862669	0.31762110	2.35243000	-0.02226240	0.69879480	2.35484700	0.17691510	0.60066250	2.37981200	0.44763730	0.59846290	2.35537000	0.67600970	0.63116010	2.28044800
6.50000000	-0.00967366	0.31684030	2.35233500	-0.02284978	0.69867310	2.35509400	0.17511880	0.59932800	2.38082400	0.44311400	0.57445100	2.35439900	0.67087820	0.60067300	2.27431900
6.53333300	-0.01006548	0.31661840	2.35232500	-0.02325201	0.69862230	2.35539500	0.17276440	0.59621480	2.38142400	0.44271330	0.55574420	2.35181200	0.67102940	0.56030340	2.26868900
6.56666700	-0.01079809	0.31610160	2.35218800	-0.02419626	0.69826490	2.35582000	0.17058300	0.59320000	2.38220800	0.43447310	0.52801320	2.34816000	0.66260170	0.52146580	2.26462500
6.60000000	-0.01238539	0.31445300	2.35162100	-0.02501895	0.69789000	2.35607100	0.16816570	0.58899290	2.38193200	0.42378030	0.50597920	2.34503900	0.64758920	0.47141120	2.25599100
6.63333300	-0.01338137	0.31275220	2.35116500	-0.02598691	0.69767060	2.35646600	0.16666020	0.58666060	2.38154400	0.41757080	0.47579930	2.34024900	0.64087010	0.43647820	2.25206800
6.66666700	-0.01482345	0.31144700	2.35103500	-0.02717687	0.69768170	2.35705900	0.16483630	0.58254730	2.38052200	0.41123830	0.45214290	2.33660100	0.62315490	0.37457290	2.24522600
6.70000000	-0.01547446	0.31056510	2.35079000	-0.02746056	0.69732490	2.35748000	0.16358470	0.58012810	2.38016300	0.40126980	0.43061520	2.33512600	0.61287780	0.35561450	2.24043200
6.73333300	-0.01637481	0.30852090	2.35059600	-0.02781817	0.69700470	2.35804300	0.16159320	0.57721890	2.37912200	0.39055040	0.41339010	2.33325100	0.58546150	0.30207070	2.23843400
6.76666700	-0.01655102	0.30811170	2.35056300	-0.02827621	0.69656440	2.35844900	0.16107100	0.57639920	2.37902500	0.38546520	0.39584200	2.32846700	0.57117430	0.26944660	2.23414200
6.80000000	-0.01639918	0.30760960	2.35034800	-0.02824625	0.69650160	2.35850000	0.15989650	0.57477430	2.37835500	0.37951490	0.37145090	2.32385000	0.55778650	0.23452890	2.22988200
6.83333300	-0.01661324	0.30529050	2.34980000	-0.02811072	0.69634340	2.35885300	0.15789480	0.57123850	2.37661300	0.36566540	0.35680270	2.32321200	0.52774520	0.19992720	2.23143700
6.86666700	-0.01676210	0.30500970	2.34970900	-0.02809226	0.69626160	2.35889200	0.15738720	0.57033630	2.37630700	0.35163320	0.34521100	2.32422000	0.50771170	0.18008380	2.23739600
6.90000000	-0.01675437	0.30406130	2.34962700	-0.02791081	0.69572630	2.35926300	0.15666720	0.56916400	2.37570500	0.33473350	0.32715890	2.32317300	0.47286990	0.14764400	2.23411100
6.93333300	-0.01674771	0.30286830	2.34935000	-0.02773490	0.69517040	2.35960300	0.15601720	0.56815280	2.37491700	0.32645300	0.31814000	2.32274100	0.45309030	0.12945070	2.23588200
6.96666700	-0.01694835	0.30183510	2.34904100	-0.02761681	0.69520750	2.35975700	0.15474950	0.56788500	2.37408100	0.30453870	0.30719080	2.32659000	0.41902140	0.11020540	2.24155300
7.00000000	-0.01759045	0.29982520	2.34830100	-0.02781331	0.69469330	2.35953500	0.15328940	0.56653230	2.37285100	0.29540890	0.29827770	2.32825400	0.39482460	0.09127958	2.24922900
7.03333300	-0.01757804	0.29921600	2.34781600	-0.02775613	0.69460090	2.35941400	0.15279180	0.56587430	2.37237400	0.27835410	0.28869560	2.33033400	0.36954660	0.07668708	2.25548200
7.06666700	-0.01754063	0.29828190	2.34740200	-0.02769880	0.69461820	2.35939800	0.15180940	0.56544270	2.37190000	0.26527050	0.28254150	2.33171700	0.34468620	0.06501891	2.25981900
7.10000000	-0.01743155	0.29776840	2.34716900	-0.02736524	0.69467780	2.35936800	0.15126680	0.56530510	2.37146900	0.25243130	0.28011570	2.33405900	0.31748430	0.05643509	2.26795400
7.13333300	-0.01723100	0.29745300	2.34699200	-0.02654633	0.69502900	2.35930700	0.15077220	0.56566960	2.37132900	0.24037320	0.27717480	2.33694600	0.29527930	0.04978158	2.27537800
7.16666700	-0.01691676	0.29713990	2.34686400	-0.02629476	0.69501940	2.35934900	0.15050410	0.56592570	2.37084300	0.22642930	0.27770700	2.33970400	0.27871120	0.04894641	2.28183700
7.20000000	-0.01569958	0.29664100	2.34696200	-0.02321514	0.69585390	2.36002100	0.15052190	0.56600200	2.37074700	0.22237020	0.27870050	2.34086800	0.26077800	0.04647574	2.28700300
7.23333300	-0.01494852	0.29650740	2.34702100	-0.02175984	0.69618330	2.36018100	0.15047500	0.56627580	2.37062400	0.21781190	0.27949200	2.34160300	0.24930840	0.04581460	2.29018800
7.26666700	-0.01429007	0.29642300	2.34706600	-0.02098665	0.69623210	2.35999300	0.15049260	0.56631120	2.37056400	0.21244320	0.28501390	2.34293500	0.23730540	0.05030161	2.29300600
7.30000000	-0.01327060	0.29602330	2.34706600	-0.02022489	0.69619350	2.36016900	0.15033170	0.56609330	2.36986700	0.20902110	0.28808560	2.34464700	0.23342880	0.05345877	2.29382500
7.33333300	-0.01276285	0.29609180	2.34719300	-0.01870879	0.69589760	2.36040500	0.15058670	0.56624400	2.36999300	0.20696480	0.29043210	2.34547500	0.23118400	0.05594218	2.29366200
7.36666700	-0.01188558	0.29580880	2.34727300	-0.01773450	0.69568620	2.36046100	0.15061670	0.56610020	2.36987900	0.20651650	0.29061660	2.34566100	0.23099260	0.05616322	2.29378900
7.40000000	-0.01152850	0.29548740	2.34725900	-0.01770315	0.69562850	2.36048000	0.15047140	0.56547330	2.36941300	0.20656700	0.28746040	2.34422100	0.23352880	0.05320495	2.29280800
7.43333300	-0.01141752	0.29520850	2.34728300	-0.01728329	0.69476340	2.36041200	0.15036780	0.56539420	2.36950100	0.20792500	0.28388970	2.34239400	0.24149410	0.05054432	2.29060100
7.46666700	-0.01153821	0.29447470	2.34709900	-0.01734063	0.69438050	2.36030400	0.15001960	0.56520260	2.36964800	0.21344360	0.27800060	2.34019300	0.26835300	0.05060633	2.27825500
7.50000000	-0.01177573	0.29452190	2.34708200	-0.01735377	0.69435680	2.36030800	0.15003460	0.56533810	2.37027000	0.22244560	0.27753310	2.33723600	0.29532880	0.05699119	2.26768500
7.53333300	-0.01247756	0.29415000	2.34696000	-0.01761224	0.69400150	2.36040800	0.14970860	0.56526700	2.37135500	0.23577090	0.27799480	2.33209500	0.32254760	0.06441970	2.25257000
7.56666700	-0.01338068	0.29415410	2.34693100	-0.01780480	0.69399980	2.36044200	0.15003290	0.56588200	2.37359300	0.26127430	0.28296610	2.32645300	0.36513000	0.07450283	2.23734900
7.60000000	-0.01364992	0.29415540	2.34697400	-0.01798436	0.69402350	2.36051800	0.15030490	0.56598340	2.37429100	0.27485780	0.28966520	2.32394300	0.39491130	0.10200650	2.22350700
7.63333300	-0.01414197	0.29429270	2.34712300	-0.01848572	0.69401970	2.36071900	0.15116060	0.56590680	2.37530600	0.29946390	0.30129330	2.31612500	0.43588140	0.12640530	2.21313900
7.66666700	-0.01446156	0.29463400	2.34727600	-0.01898603	0.69401030	2.36096300	0.15142790	0.56582090	2.37565900	0.32014840	0.31817120	2.31467300	0.47360510	0.15757480	2.21245100
7.70000000	-0.01463092	0.29475060	2.34736300	-0.01903365	0.69403120	2.36098100	0.15220890	0.56563690	2.37617200	0.33961090	0.33231230	2.31283600	0.50583020	0.18414820	2.21194500
7.73333300	-0.01475436	0.29542200	2.34772800	-0.01928595	0.69397590	2.36102300	0.15389340	0.56630720	2.37711800	0.36516540	0.34586280	2.31093500	0.55087410	0.22367820	2.20902300
7.76666700	-0.01489184	0.29598760	2.34794000	-0.01915231	0.69409770	2.36107700	0.15550700	0.56639180	2.37813400	0.37343560	0.36742920	2.31320600	0.57028930	0.26161210	2.21434700
7.80000000	-0.01507269	0.29691320	2.34829400	-0.01923521	0.69403830	2.36087300	0.15707270	0.56659350	2.37856600	0.38728370	0.38568660	2.31671200	0.59587100	0.30344130	2.21976000
7.83333300	-0.01510907	0.29759760	2.34856900	-0.01935328	0.69419300	2.36090700	0.15922610	0.56641340	2.37832200	0.39914880	0.40329160	2.31897200	0.61165520	0.33033610	2.22326800
7.86666700	-0.01498463	0.29852740	2.34878900	-0.01939050	0.69427200	2.36075000	0.16083090	0.56711900	2.37805400	0.41094190	0.42294750	2.32143100	0.62918570	0.36295650	2.23044900
7.90000000	-0.01458744	0.29949730	2.34911700	-0.01927873	0.69433490	2.36051300	0.16365660	0.56856750	2.37839200	0.42414590	0.44345090	2.32254500	0.65003080	0.41389500	2.23604600
7.93333300	-0.01415229	0.30077900	2.34942000	-0.02007561	0.69419460	2.35975700	0.16732760	0.56953170	2.37789800	0.43330990	0.46347900	2.32584700	0.66086080	0.43650530	2.24370800
7.96666700	-0.01362359	0.30183340	2.34945600	-0.01995937	0.69396320	2.35910300	0.16931930	0.57064330	2.37726500	0.43575500	0.48076260	2.32927300	0.66634830	0.47705640	2.25237800
8.00000000	-0.01232623	0.30301380	2.34953900	-0.01955185	0.69410310	2.35883400	0.17119750	0.57154350	2.37625400	0.44142940	0.49993110	2.33336000	0.67273050	0.49793320	2.25908700
8.03333400	-0.01201699	0.30409960	2.34950200	-0.01963682	0.69453160	2.35848000	0.17225650	0.57227920	2.37561100	0.44863560	0.51751160	2.33720300	0.68016860	0.52407840	2.26418500
8.06666700	-0.01122484	0.30622420	2.34985100	-0.01932001	0.69524460	2.35808000	0.17493660	0.57435260	2.37498300	0.45246750	0.53203060	2.34043000	0.68403570	0.54952320	2.26986900
8.10000000	-0.01053882	0.30704790	2.34998700	-0.01853510	0.69630930	2.35781300	0.17623820	0.57594940	2.37419700	0.45488240	0.54200970	2.34438500	0.68594290	0.56625140	2.27426400
8.13333300	-0.00940464	0.30840700	2.35006400	-0.01743397	0.69593940	2.35720700	0.17822450	0.57831490	2.37369000	0.45711180	0.55646870	2.34614300	0.68904610	0.58079360	2.27985200
8.16666700	-0.00878375	0.30918610	2.35007700	-0.01706483	0.69628050	2.35650000	0.17971410	0.58024070	2.37303400	0.45899710	0.56704130	2.34916200	0.69077820	0.60384080	2.29007700
8.20000000	-0.00827851	0.31004720	2.35009600	-0.01719083	0.69652940	2.35530700	0.18092920	0.58188410	2.37210900	0.45871820	0.57622160	2.35183000	0.69033000	0.61800510	2.29645500
8.23333400	-0.00796940	0.31064530	2.35009000	-0.01710474	0.69674270	2.35485200	0.18158230	0.58292150	2.37165200	0.45993020	0.58675020	2.35463500	0.69051070	0.63758180	2.30399900
8.26666600	-0.00786854	0.31159400	2.35022500	-0.01742769	0.69699900	2.35450100	0.18221700	0.58437460	2.37128500	0.46125130	0.59660350	2.35702000	0.69197980	0.64669290	2.30633900
8.30000000	-0.00751739	0.31262880	2.35028100	-0.01767948	0.69779600	2.35384400	0.18292780	0.58601570	2.37080100	0.46188150	0.60406070	2.35905700	0.69270050	0.65546610	2.31093000
8.33333300	-0.00742631	0.31302570	2.35030900	-0.01781514	0.69795850	2.35369300	0.18332660	0.58708650	2.37041800	0.46308830	0.61051830	2.36105300	0.69311730	0.66645930	2.31485500
8.36666700	-0.00736148	0.31394590	2.35033500	-0.01787499	0.69872130	2.35330800	0.18394390	0.58814720	2.37017200	0.46407770	0.61469260	2.36304000	0.69326260	0.67490550	2.31865300
8.40000000	-0.00736274	0.31464400	2.35036000	-0.01793175	0.69914890	2.35305700	0.18400870	0.58944450	2.36979800	0.46476030	0.61982700	2.36480200	0.69307850	0.68491230	2.32428500
8.43333300	-0.00740866	0.31522610	2.35041400	-0.01826627	0.69955860	2.35287700	0.18396980	0.59034680	2.36954600	0.46437820	0.62481550	2.36559200	0.69362890	0.68737730	2.32721600
8.46666600	-0.00751132	0.31577410	2.35039500	-0.01882838	0.69983330	2.35249900	0.18395740	0.59121860	2.36934100	0.46446850	0.62652770	2.36641000	0.69391850	0.68820040	2.32768800
8.50000000	-0.00742495	0.31605690	2.35037400	-0.01879604	0.69991800	2.35217900	0.18391410	0.59207280	2.36938700	0.46443950	0.62703750	2.36707800	0.69367710	0.68959550	2.32866300
8.53333400	-0.00743765	0.31631000	2.35035600	-0.01857609	0.70043050	2.35202700	0.18373300	0.59246500	2.36947600	0.46391890	0.62653650	2.36722800	0.69311420	0.68918920	2.32870300
8.56666700	-0.00741603	0.31645100	2.35034100	-0.01855651	0.70041570	2.35180000	0.18361800	0.59268620	2.36968000	0.46245810	0.62456010	2.36715300	0.69250680	0.68326560	2.32693500
8.60000000	-0.00759330	0.31673590	2.35027500	-0.01940854	0.70027880	2.35157300	0.18283790	0.59361560	2.37069300	0.45962380	0.61674050	2.36670000	0.69074620	0.67008790	2.32458900
8.63333300	-0.00775724	0.31674190	2.35027100	-0.01954011	0.70030000	2.35167800	0.18197130	0.59362100	2.37139300	0.45589740	0.59974810	2.36460100	0.68936910	0.63962550	2.31976100
8.66666700	-0.00794473	0.31677000	2.35027000	-0.02061092	0.70020150	2.35181400	0.18118400	0.59332390	2.37249900	0.45270100	0.58055030	2.36324400	0.68670610	0.60982700	2.31136200
8.70000000	-0.00820856	0.31658650	2.35021500	-0.02113699	0.69971660	2.35189700	0.18025470	0.59178790	2.37341600	0.45146190	0.55732560	2.35955200	0.68470280	0.58183990	2.30027400
8.73333400	-0.00868545	0.31558920	2.35005400	-0.02129672	0.69932600	2.35233400	0.17654480	0.58823590	2.37466600	0.44541500	0.53568600	2.35575100	0.67866610	0.53119990	2.29048600
8.76666600	-0.00949105	0.31436510	2.34997100	-0.02248286	0.69820870	2.35283900	0.17400550	0.58563520	2.37547000	0.43730250	0.50782820	2.34982500	0.66943200	0.49695750	2.28057600
8.80000000	-0.01082274	0.31259370	2.34957300	-0.02374881	0.69753970	2.35298300	0.17140250	0.58459010	2.37638600	0.42622250	0.47929700	2.34370000	0.65270860	0.43534600	2.26781000
8.83333300	-0.01156378	0.31149870	2.34933000	-0.02409191	0.69711410	2.35344100	0.16920890	0.58230490	2.37678800	0.41389960	0.45075490	2.33950100	0.63066510	0.37617880	2.25832900
8.86666700	-0.01193997	0.31105720	2.34932700	-0.02431492	0.69717450	2.35367700	0.16695500	0.57999200	2.37695600	0.39271600	0.42897890	2.33884200	0.60581520	0.35014280	2.25111400
8.90000000	-0.01325246	0.30919910	2.34921600	-0.02518831	0.69630920	2.35407900	0.16441320	0.57749930	2.37666500	0.38853730	0.40684680	2.33036000	0.58116450	0.29070750	2.23589400
8.93333300	-0.01425667	0.30805130	2.34934500	-0.02644795	0.69638330	2.35485400	0.16315350	0.57715280	2.37711500	0.38071890	0.38337310	2.32326700	0.56135960	0.24959560	2.22836100
8.96666600	-0.01471067	0.30723970	2.34931700	-0.02697848	0.69649530	2.35523000	0.16167670	0.57628890	2.37723900	0.37257550	0.35196540	2.31340100	0.54034390	0.20322730	2.21683200
9.00000000	-0.01510477	0.30666050	2.34931400	-0.02807169	0.69618690	2.35578100	0.16016920	0.57517770	2.37756600	0.34824500	0.34066610	2.31369600	0.49975440	0.17378170	2.22040300
9.03333400	-0.01560107	0.30541830	2.34927700	-0.02846933	0.69567110	2.35600500	0.15736150	0.57290590	2.37713000	0.33307940	0.32849920	2.31421400	0.46138190	0.14477560	2.21721100
9.06666700	-0.01666652	0.30326810	2.34938000	-0.02928936	0.69543320	2.35668400	0.15240520	0.57002510	2.37565800	0.31450860	0.31481440	2.31440400	0.43223450	0.12326810	2.21939300
9.10000000	-0.01713275	0.30243770	2.34938700	-0.03084068	0.69559910	2.35773000	0.14973260	0.56891250	2.37539300	0.29339960	0.29851360	2.31644700	0.39197020	0.09442520	2.22662400
9.13333300	-0.01824545	0.30121540	2.34933900	-0.03186728	0.69525360	2.35854600	0.14720100	0.56771120	2.37436700	0.27966610	0.29137190	2.31830700	0.37652270	0.08441497	2.23423800
9.16666700	-0.01862554	0.30061590	2.34938700	-0.03229658	0.69504960	2.35897600	0.14622000	0.56733270	2.37401100	0.26420590	0.28173690	2.31905600	0.33944440	0.06355101	2.24293400
9.20000000	-0.01921736	0.29899560	2.34916600	-0.03246089	0.69491670	2.35919700	0.14177000	0.56589480	2.37210600	0.24929750	0.27777500	2.32260300	0.31982550	0.05722210	2.24932000
9.23333400	-0.02008048	0.29770210	2.34916400	-0.03285963	0.69439790	2.35959400	0.14034730	0.56520180	2.37162400	0.23479090	0.27882040	2.32733400	0.28757670	0.05189584	2.25992300
9.26666600	-0.02029435	0.29733020	2.34922700	-0.03317273	0.69390230	2.35989200	0.13964900	0.56489900	2.37147400	0.22022990	0.27432870	2.33022500	0.27393160	0.04669791	2.26685500
9.30000000	-0.02023758	0.29680410	2.34929900	-0.03342227	0.69390680	2.36024600	0.13827490	0.56470510	2.37063100	0.21386710	0.27499820	2.33157800	0.25715940	0.04484469	2.26965500
9.33333300	-0.02013213	0.29649340	2.34938000	-0.03394597	0.69364330	2.36044000	0.13776650	0.56461800	2.37031000	0.20786880	0.27662860	2.33359400	0.24099480	0.04461849	2.27248900
9.36666700	-0.02003390	0.29575070	2.34954900	-0.03389042	0.69363030	2.36052400	0.13732260	0.56444010	2.37021800	0.20553310	0.27632290	2.33442200	0.22904000	0.04335302	2.27222900
9.40000000	-0.02014410	0.29483000	2.34966600	-0.03401083	0.69354830	2.36066300	0.13697600	0.56386600	2.37014300	0.20131370	0.27987590	2.33603800	0.22616710	0.04719563	2.27309600
9.43333300	-0.02025960	0.29463230	2.34979700	-0.03412367	0.69341300	2.36078300	0.13705120	0.56397960	2.37027600	0.20070210	0.27967140	2.33623100	0.22550710	0.04699731	2.27321000
9.46666600	-0.02014510	0.29465260	2.35001000	-0.03396465	0.69319720	2.36091000	0.13704170	0.56394240	2.37039300	0.20026570	0.27851780	2.33630700	0.22546280	0.04589085	2.27323300
9.50000000	-0.02015914	0.29433200	2.35016700	-0.03392776	0.69318120	2.36093800	0.13681870	0.56395170	2.37048000	0.20010440	0.27801340	2.33627700	0.22583310	0.04548448	2.27297900
9.53333400	-0.02026955	0.29428180	2.35023200	-0.03388233	0.69316570	2.36094400	0.13703690	0.56389770	2.37084300	0.19981350	0.27557450	2.33533000	0.23502700	0.04451567	2.27093500
9.56666700	-0.02075900	0.29435280	2.35043300	-0.03416333	0.69307900	2.36103400	0.13711520	0.56418660	2.37152500	0.20045430	0.27478160	2.33422200	0.25120390	0.04763639	2.26537800
9.60000000	-0.02125780	0.29437120	2.35063100	-0.03467385	0.69299300	2.36135700	0.13705160	0.56404660	2.37201400	0.20629720	0.27573690	2.33110500	0.27585800	0.05571418	2.25430600
9.63333300	-0.02175924	0.29444740	2.35071700	-0.03485318	0.69298530	2.36144000	0.13710840	0.56439030	2.37351500	0.22163860	0.27606790	2.32380600	0.31109160	0.06362053	2.24046300
9.66666700	-0.02265032	0.29430530	2.35082700	-0.03506577	0.69278350	2.36160100	0.13732150	0.56431170	2.37462700	0.24005220	0.28684150	2.31934300	0.33549550	0.07181465	2.22920200
9.70000000	-0.02312098	0.29429190	2.35089500	-0.03553022	0.69280610	2.36184500	0.13764370	0.56383120	2.37594800	0.26017250	0.29182390	2.31356600	0.37563560	0.09848824	2.21465800
9.73333400	-0.02357499	0.29441480	2.35106500	-0.03586672	0.69263510	2.36215200	0.13806740	0.56422360	2.37712000	0.28018450	0.30376170	2.30900600	0.40834340	0.12164380	2.20751200
9.76666600	-0.02384135	0.29453650	2.35116700	-0.03599885	0.69248370	2.36221600	0.13870360	0.56460160	2.37823700	0.30241920	0.31331860	2.30522300	0.45336040	0.14984990	2.20318400
9.80000000	-0.02413794	0.29468260	2.35131500	-0.03607403	0.69234080	2.36242400	0.13960980	0.56472630	2.37906000	0.32331170	0.33272150	2.30555700	0.49111640	0.18552510	2.20532500
9.83333300	-0.02444292	0.29470670	2.35133900	-0.03664417	0.69201820	2.36226700	0.14139600	0.56489500	2.38048900	0.34200600	0.34576780	2.30655800	0.52585000	0.21871970	2.20696000
9.86666700	-0.02450657	0.29484240	2.35144600	-0.03656739	0.69184890	2.36232800	0.14276310	0.56507510	2.38123700	0.36133050	0.36716080	2.31008100	0.55864160	0.25986340	2.21347100
9.90000000	-0.02477925	0.29530520	2.35156400	-0.03673582	0.69153760	2.36227500	0.14402820	0.56524470	2.38171200	0.37523390	0.38625680	2.31534600	0.58146410	0.29397460	2.22246800
9.93333300	-0.02480292	0.29624310	2.35169300	-0.03666328	0.69143860	2.36219200	0.14600930	0.56557470	2.38252800	0.37978530	0.40870710	2.32544900	0.59208500	0.33258560	2.23143300
9.96666600	-0.02497977	0.29687230	2.35190400	-0.03698998	0.69169010	2.36224400	0.14782670	0.56634680	2.38288100	0.40026120	0.43075150	2.32805100	0.62258080	0.37367780	2.24643000
10.00000000	-0.02499576	0.29733700	2.35190500	-0.03706456	0.69150290	2.36194200	0.15109040	0.56826250	2.38359200	0.41327770	0.45351650	2.33324200	0.64149120	0.41638430	2.25768200
10.03333000	-0.02487691	0.29828190	2.35215700	-0.03729787	0.69155340	2.36175700	0.15370650	0.57154120	2.38410100	0.42589770	0.48020260	2.33985800	0.65948180	0.46786450	2.27560700
10.06667000	-0.02443821	0.29975730	2.35243300	-0.03714225	0.69157110	2.36165300	0.15578660	0.57359170	2.38410100	0.43108570	0.50084530	2.34752000	0.66398450	0.48924710	2.27999500
10.10000000	-0.02428079	0.30040020	2.35251000	-0.03714517	0.69156710	2.36159000	0.15752780	0.57454230	2.38416500	0.43978320	0.52233420	2.35371100	0.67415300	0.54467240	2.29726300
10.13333000	-0.02391348	0.30252800	2.35288500	-0.03722723	0.69175310	2.36148800	0.15907500	0.57754560	2.38388800	0.44546940	0.54106890	2.35855300	0.67968340	0.56693440	2.30327300
10.16667000	-0.02336098	0.30487570	2.35331300	-0.03709120	0.69246560	2.36102500	0.16211550	0.58180750	2.38406200	0.45165780	0.56225190	2.36301800	0.68628900	0.59474780	2.31563100
10.20000000	-0.02270156	0.30653380	2.35378000	-0.03687769	0.69259100	2.36094900	0.16332680	0.58471010	2.38417700	0.45117230	0.58160290	2.36971500	0.68510910	0.62356530	2.32871400
10.23333000	-0.02195965	0.30784110	2.35403000	-0.03632875	0.69287890	2.36065200	0.16400470	0.58624860	2.38386700	0.45599200	0.60041360	2.37623500	0.68817070	0.65003930	2.33306300
10.26667000	-0.02106246	0.30926820	2.35446200	-0.03585587	0.69297400	2.36028100	0.16584950	0.58935380	2.38397400	0.45836430	0.61392190	2.38265200	0.68955610	0.66779760	2.33912800
10.30000000	-0.02024091	0.31018740	2.35472200	-0.03548998	0.69307520	2.36000000	0.16702570	0.59146730	2.38418100	0.45899710	0.63046150	2.38833000	0.68668000	0.70008770	2.35122900
10.33333000	-0.01940068	0.31120220	2.35487600	-0.03425136	0.69367970	2.35908300	0.16737490	0.59361970	2.38418100	0.46022650	0.64472240	2.39228800	0.68791070	0.71485840	2.35672500
10.36667000	-0.01864063	0.31254320	2.35499700	-0.03284845	0.69397630	2.35777500	0.16908640	0.59803330	2.38460800	0.45872190	0.65350530	2.39607100	0.67952970	0.74396500	2.36521700
10.40000000	-0.01763164	0.31464850	2.35528300	-0.03186685	0.69444530	2.35707100	0.17126520	0.60201910	2.38527000	0.45253060	0.66063480	2.40047200	0.67048250	0.75760710	2.36862700
10.43333000	-0.01708237	0.31572560	2.35543600	-0.03092457	0.69459280	2.35638500	0.17168940	0.60394410	2.38533700	0.43159630	0.67398120	2.40255300	0.66406280	0.76602700	2.37008300
10.46667000	-0.01648476	0.31681570	2.35563500	-0.03039973	0.69456710	2.35559900	0.17233090	0.60603520	2.38578700	0.42974950	0.67838570	2.40301300	0.66320000	0.77310880	2.37139900
10.50000000	-0.01555011	0.31827490	2.35586800	-0.02947754	0.69497510	2.35512300	0.17271900	0.60733140	2.38574900	0.44206550	0.69372800	2.40507500	0.66346650	0.78260330	2.37388900
10.53333000	-0.01488028	0.31965470	2.35605800	-0.02895567	0.69533030	2.35466800	0.17394410	0.60904330	2.38614800	0.44380160	0.69660260	2.40459600	0.66359620	0.78964090	2.37492500
10.56667000	-0.01416197	0.32087390	2.35615900	-0.02782262	0.69575430	2.35412600	0.17436980	0.61088750	2.38631300	0.44507280	0.69793510	2.40478800	0.66416380	0.79232450	2.37336700
10.60000000	-0.01405288	0.32125110	2.35624500	-0.02784719	0.69580600	2.35406500	0.17424340	0.61110520	2.38617700	0.43431530	0.69316720	2.40436100	0.65399280	0.78801830	2.37264700
10.63333000	-0.01404908	0.32134000	2.35622300	-0.02797313	0.69583580	2.35382400	0.17415860	0.61118920	2.38612600	0.43227370	0.69070660	2.40327600	0.65426780	0.78475310	2.36764400
10.66667000	-0.01412506	0.32130630	2.35619800	-0.02820084	0.69585720	2.35373600	0.17371270	0.61098300	2.38587400	0.44840080	0.68756070	2.39817500	0.66937260	0.77557130	2.35888600
10.70000000	-0.01422389	0.32119570	2.35617500	-0.02867926	0.69570000	2.35370400	0.17296570	0.61026560	2.38530000	0.44390880	0.66804370	2.39470600	0.66474780	0.75623660	2.35493600
10.73333000	-0.01451502	0.32076610	2.35600600	-0.02912079	0.69578040	2.35367200	0.17192410	0.60912980	2.38496400	0.44784810	0.65664350	2.38865100	0.67676200	0.71846350	2.34314100
10.76667000	-0.01484502	0.32048710	2.35586500	-0.02958521	0.69585100	2.35376700	0.17117400	0.60829540	2.38507600	0.45073910	0.63545420	2.38016100	0.68040490	0.69293710	2.33200300
10.80000000	-0.01547718	0.32022740	2.35561000	-0.03124817	0.69572400	2.35354200	0.16940920	0.60625630	2.38490600	0.44612450	0.61311900	2.37294900	0.67711170	0.66495440	2.32470700
10.83333000	-0.01619336	0.31948280	2.35522000	-0.03212269	0.69534270	2.35346500	0.16780170	0.60353510	2.38435600	0.44346450	0.58920240	2.36565500	0.67847230	0.61817660	2.31785400
10.86667000	-0.01704586	0.31875170	2.35459000	-0.03284914	0.69548920	2.35328100	0.16555610	0.59986690	2.38407300	0.44014770	0.55888610	2.36009600	0.67477730	0.58107360	2.30521100
10.90000000	-0.01843575	0.31693290	2.35348900	-0.03471013	0.69498620	2.35247700	0.16294350	0.59522390	2.38307000	0.43259250	0.53648530	2.35577400	0.66763290	0.53697380	2.29738000
10.93333000	-0.01950301	0.31511870	2.35254000	-0.03551682	0.69436510	2.35243200	0.16150690	0.59282430	2.38241300	0.41779970	0.50663470	2.34916500	0.65072640	0.48148540	2.28693600
10.96667000	-0.02052224	0.31328990	2.35178400	-0.03711351	0.69383190	2.35214700	0.16005540	0.58997980	2.38196800	0.41484200	0.48234990	2.34315700	0.64192770	0.43060290	2.27464900
11.00000000	-0.02129866	0.31104200	2.35097400	-0.03773558	0.69337550	2.35203800	0.15837380	0.58501220	2.38078400	0.40615160	0.44912840	2.33730000	0.62703050	0.37786500	2.26539000
11.03333000	-0.02205428	0.31019510	2.35066700	-0.03885476	0.69301550	2.35206700	0.15728400	0.58172720	2.38017500	0.38571070	0.42979510	2.33670300	0.60321400	0.35030250	2.26277900
11.06667000	-0.02212758	0.30957620	2.35025200	-0.03884760	0.69307230	2.35224400	0.15586740	0.57984920	2.37972000	0.38194670	0.40895570	2.33117900	0.58190180	0.29530220	2.25142100
11.10000000	-0.02210489	0.30872040	2.34999600	-0.03891207	0.69288860	2.35266500	0.15555810	0.57889490	2.37970900	0.37661710	0.38181600	2.32335100	0.57526200	0.26440730	2.24625900
11.13333000	-0.02193367	0.30763030	2.34962600	-0.03875145	0.69274950	2.35276000	0.15535200	0.57820590	2.37953300	0.36062370	0.36728990	2.32304000	0.53150360	0.21420930	2.24121500
11.16667000	-0.02192787	0.30584730	2.34883100	-0.03875419	0.69274440	2.35276100	0.15339670	0.57377050	2.37791600	0.34441720	0.35001160	2.31946000	0.50677410	0.18680760	2.24034700
11.20000000	-0.02180901	0.30506690	2.34854400	-0.03859748	0.69262840	2.35277800	0.15182110	0.57274040	2.37716700	0.32607680	0.33141830	2.31858500	0.47108810	0.15269250	2.23924500
11.23333000	-0.02144293	0.30444750	2.34821000	-0.03797576	0.69236960	2.35272600	0.15117960	0.57171080	2.37658000	0.31062620	0.32020980	2.31883900	0.43782510	0.12780220	2.24124400
11.26667000	-0.02117449	0.30383080	2.34796600	-0.03770389	0.69233160	2.35276200	0.15002690	0.57051250	2.37557300	0.29630440	0.30613890	2.32205200	0.41214350	0.10615030	2.24611400
11.30000000	-0.02111607	0.30256660	2.34757200	-0.03761551	0.69226080	2.35277700	0.14911620	0.56975970	2.37473800	0.27952730	0.29498620	2.32467600	0.37783550	0.08329363	2.25803100
11.33333000	-0.02131256	0.30077620	2.34695000	-0.03709321	0.69220380	2.35268800	0.14736880	0.56799450	2.37313900	0.26099440	0.28623500	2.32872100	0.35203840	0.07134698	2.26187400
11.36667000	-0.02104820	0.30034290	2.34671400	-0.03526786	0.69197340	2.35260500	0.14651650	0.56766780	2.37254200	0.24661880	0.28222530	2.33148100	0.32821260	0.06248003	2.26934400
11.40000000	-0.02087707	0.29988950	2.34664400	-0.03433070	0.69190960	2.35264600	0.14630860	0.56766540	2.37247900	0.23109680	0.28139810	2.33542200	0.29391320	0.05376144	2.28274300
11.43333000	-0.02069961	0.29943550	2.34664600	-0.03424916	0.69191380	2.35262200	0.14617870	0.56769860	2.37248900	0.22235370	0.27860720	2.33874900	0.28191590	0.04989548	2.28720100
11.46667000	-0.01991428	0.29894560	2.34671100	-0.03389049	0.69215020	2.35250100	0.14579740	0.56748150	2.37196500	0.21355090	0.28147880	2.34098100	0.25747200	0.04846421	2.29470800
11.50000000	-0.01949696	0.29866480	2.34692300	-0.03371132	0.69221380	2.35255200	0.14577930	0.56735000	2.37195100	0.21061280	0.28083180	2.34138000	0.24877190	0.04659021	2.29664500
11.53333000	-0.01883282	0.29852890	2.34700400	-0.03272310	0.69259430	2.35228800	0.14575950	0.56739210	2.37195800	0.20652850	0.28098150	2.34181900	0.24011870	0.04599091	2.29739600
11.56667000	-0.01823750	0.29782170	2.34700000	-0.03233216	0.69267520	2.35219400	0.14468290	0.56722840	2.37104200	0.20531360	0.28055850	2.34206600	0.23651940	0.04524520	2.29751300
11.60000000	-0.01784862	0.29739640	2.34696200	-0.03208741	0.69280040	2.35215000	0.14437620	0.56707580	2.37100700	0.20293120	0.28298610	2.34254600	0.23608360	0.04800047	2.29744900
11.63333000	-0.01788016	0.29713020	2.34687200	-0.03196438	0.69282910	2.35213600	0.14388300	0.56703110	2.37083700	0.20184680	0.28219790	2.34191100	0.24223060	0.04877856	2.29360700
11.66667000	-0.01787528	0.29687620	2.34673700	-0.03201138	0.69278740	2.35208200	0.14320870	0.56671370	2.37084300	0.20215180	0.28166300	2.34120300	0.25894970	0.05264463	2.28685900
11.70000000	-0.01790498	0.29672890	2.34657000	-0.03182255	0.69292240	2.35193900	0.14247560	0.56615450	2.37048500	0.20894880	0.28205540	2.33939300	0.28792860	0.06170478	2.27513000
11.73333000	-0.01828947	0.29655660	2.34637400	-0.03195260	0.69268580	2.35201200	0.14230860	0.56618310	2.37070400	0.22452800	0.27979120	2.33344500	0.32066100	0.06836127	2.26121800
11.76667000	-0.01890311	0.29652680	2.34616900	-0.03217076	0.69266930	2.35208100	0.14230660	0.56598480	2.37130700	0.24318320	0.28496270	2.32584400	0.35389620	0.08126810	2.24960900
11.80000000	-0.01966146	0.29672700	2.34592000	-0.03233347	0.69270680	2.35213100	0.14229860	0.56602490	2.37222300	0.26558500	0.29518420	2.32054500	0.39408250	0.10627470	2.23466400
11.83333000	-0.01997740	0.29671710	2.34582000	-0.03327216	0.69264460	2.35223100	0.14247210	0.56622410	2.37310000	0.28567410	0.30512640	2.31554100	0.43177990	0.13045480	2.22725000
11.86667000	-0.02082071	0.29722280	2.34556800	-0.03370833	0.69259820	2.35224600	0.14371690	0.56696460	2.37526000	0.30803960	0.32651420	2.31438800	0.47382220	0.17010350	2.22667600
11.90000000	-0.02135449	0.29756250	2.34547000	-0.03413039	0.69281540	2.35248300	0.14397960	0.56735300	2.37584400	0.33311740	0.34032100	2.31386600	0.51811420	0.20624350	2.22784900
11.93333000	-0.02214045	0.29838950	2.34540100	-0.03514021	0.69297050	2.35243000	0.14594450	0.56807160	2.37737800	0.36060690	0.36156070	2.31389100	0.55899470	0.24679880	2.23014300
11.96667000	-0.02295551	0.29893860	2.34528300	-0.03582893	0.69290540	2.35251600	0.14653010	0.56874100	2.37768300	0.37237640	0.38519770	2.32056400	0.58610150	0.29923480	2.24079400
12.00000000	-0.02362149	0.29984120	2.34523600	-0.03649788	0.69287890	2.35242600	0.14891690	0.56972180	2.37842500	0.38472360	0.41066070	2.32613100	0.60948960	0.35232740	2.25325300
12.03333000	-0.02387599	0.30016010	2.34520800	-0.03685676	0.69281040	2.35231200	0.15065720	0.57002090	2.37832700	0.40280680	0.43845140	2.33122900	0.62727950	0.37794930	2.25942300
12.06667000	-0.02416094	0.30131990	2.34528700	-0.03725263	0.69279550	2.35227400	0.15248610	0.57171930	2.37833600	0.41757200	0.46962650	2.33790500	0.65170840	0.45158680	2.27662000
12.10000000	-0.02425577	0.30188960	2.34531000	-0.03768780	0.69275780	2.35236500	0.15396960	0.57440670	2.37830900	0.42527240	0.49876630	2.34347100	0.66053030	0.49546360	2.28450200
12.13333000	-0.02415767	0.30286710	2.34530800	-0.03771685	0.69279680	2.35231400	0.15502310	0.57578070	2.37819400	0.43304430	0.52251880	2.35176300	0.66831790	0.54184570	2.29715500
12.16667000	-0.02374987	0.30552410	2.34575000	-0.03744721	0.69318030	2.35220700	0.15753760	0.58058150	2.37842400	0.43705420	0.54571620	2.35557700	0.67234440	0.57034000	2.30408200
12.20000000	-0.02380633	0.30712070	2.34606600	-0.03765250	0.69360080	2.35216200	0.15929080	0.58391640	2.37831900	0.43995630	0.56675670	2.36118700	0.67350210	0.61240860	2.32005500
12.23333000	-0.02308051	0.30850590	2.34655500	-0.03736463	0.69392220	2.35198600	0.16098990	0.58763280	2.37765500	0.44280020	0.58687810	2.36585500	0.67719040	0.62954420	2.32729500
12.26667000	-0.02252873	0.31074090	2.34712000	-0.03714861	0.69424000	2.35162800	0.16172370	0.59078280	2.37726700	0.44381580	0.60191120	2.37010900	0.67657420	0.65347880	2.33316700
12.30000000	-0.02217127	0.31211500	2.34742100	-0.03682244	0.69450250	2.35102800	0.16255140	0.59406330	2.37690200	0.44663880	0.61656830	2.37602000	0.67903730	0.66958960	2.33868900
12.33333000	-0.02189939	0.31341240	2.34779700	-0.03669451	0.69510590	2.35069100	0.16279010	0.59563150	2.37637600	0.44746080	0.62931330	2.38035700	0.67726180	0.69527270	2.35223800
12.36667000	-0.02138319	0.31515180	2.34832500	-0.03605879	0.69593410	2.35029000	0.16372870	0.59820910	2.37581800	0.44885340	0.63854480	2.38495300	0.67643610	0.71188470	2.35720100
12.40000000	-0.02101212	0.31654890	2.34865600	-0.03529706	0.69629320	2.34990800	0.16388110	0.60006520	2.37531800	0.44871830	0.64583410	2.38820900	0.67481850	0.72391650	2.36214700
12.43333000	-0.02071635	0.31726440	2.34891600	-0.03470482	0.69668220	2.34960500	0.16432550	0.60200950	2.37505100	0.44876320	0.65212870	2.38996000	0.67310980	0.73559310	2.36785400
12.46667000	-0.02042087	0.31807450	2.34922400	-0.03456276	0.69714440	2.34936500	0.16484290	0.60463300	2.37522200	0.45050650	0.65889350	2.39323400	0.67548970	0.74039870	2.36875400
12.50000000	-0.02019279	0.31880590	2.34952700	-0.03420069	0.69721420	2.34911200	0.16533200	0.60532090	2.37534700	0.45108150	0.66153970	2.39386800	0.67433890	0.74741580	2.36728000
12.53333000	-0.01984827	0.31983730	2.34989400	-0.03358943	0.69769100	2.34885800	0.16572150	0.60653610	2.37588800	0.45141400	0.66186670	2.39437500	0.67456250	0.74790820	2.36680200
12.56667000	-0.01940510	0.32046480	2.35016000	-0.03333838	0.69773590	2.34880600	0.16601750	0.60734300	2.37628500	0.45191940	0.66134940	2.39467400	0.67677310	0.74271330	2.36623100
12.60000000	-0.01919816	0.32062110	2.35032800	-0.03324708	0.69772620	2.34886800	0.16599280	0.60724970	2.37633400	0.45267640	0.65762500	2.39437900	0.68120060	0.72712950	2.36187800
12.63333000	-0.01921989	0.32065280	2.35037400	-0.03327639	0.69773270	2.34887200	0.16592770	0.60706250	2.37658100	0.45487760	0.64480990	2.39230600	0.68649670	0.70097510	2.35370500
12.66667000	-0.01928943	0.32060870	2.35039900	-0.03351698	0.69771930	2.34885500	0.16607080	0.60644790	2.37704100	0.45143590	0.62644640	2.38773500	0.68437850	0.67711130	2.34965300
12.70000000	-0.01935624	0.32047820	2.35036000	-0.03357226	0.69775360	2.34884600	0.16561070	0.60507100	2.37761900	0.44579930	0.60249500	2.38392500	0.68058320	0.64412610	2.34642700
12.73333000	-0.01952883	0.32023090	2.35031600	-0.03391749	0.69734870	2.34883900	0.16473350	0.60318210	2.37813000	0.44358250	0.57714740	2.37887100	0.68054230	0.60018160	2.33782200
12.76667000	-0.01978504	0.32011020	2.35025300	-0.03417298	0.69729470	2.34890700	0.16437520	0.60187500	2.37902100	0.44007660	0.55654070	2.37611700	0.67795510	0.57348410	2.33899800
12.80000000	-0.02037383	0.31911550	2.35003800	-0.03476163	0.69682650	2.34919800	0.16236730	0.59803840	2.37960300	0.43407720	0.52185360	2.37143500	0.67206400	0.51155200	2.33161100
12.83333000	-0.02096198	0.31806190	2.34993600	-0.03527453	0.69635630	2.34959000	0.16149530	0.59482600	2.38037700	0.42837270	0.50054480	2.36969500	0.66409230	0.46902340	2.32641400
12.86667000	-0.02152546	0.31678000	2.34983100	-0.03568942	0.69597460	2.34996600	0.15817750	0.59086590	2.37959500	0.40982880	0.47123140	2.36582600	0.64061180	0.41737190	2.31635700
12.90000000	-0.02172676	0.31605230	2.34976400	-0.03576303	0.69591330	2.35026600	0.15760770	0.58874270	2.37966800	0.40525270	0.45015230	2.36143900	0.62467060	0.36230340	2.30791100
12.93333000	-0.02208508	0.31432940	2.34960700	-0.03592790	0.69550380	2.35070000	0.15557330	0.58406740	2.37846000	0.38499430	0.42285920	2.35942500	0.60046850	0.32526540	2.30710700
12.96667000	-0.02236541	0.31299030	2.34943200	-0.03628885	0.69492180	2.35139300	0.15472610	0.58268170	2.37827700	0.38432900	0.40136680	2.35434700	0.58643760	0.27794720	2.30369900
13.00000000	-0.02253724	0.31211740	2.34938900	-0.03630567	0.69503310	2.35181400	0.15405390	0.58118270	2.37806800	0.38573370	0.35448190	2.34833100	0.58397200	0.22644950	2.29247500
13.03333000	-0.02261327	0.31087270	2.34926900	-0.03656685	0.69462920	2.35268400	0.15252900	0.57813120	2.37682900	0.36705050	0.34986920	2.34796500	0.53554890	0.18453450	2.29243600
13.06667000	-0.02271034	0.30934530	2.34916400	-0.03668695	0.69458980	2.35324700	0.15137780	0.57636710	2.37602900	0.34810360	0.33873760	2.34890400	0.50775420	0.16485430	2.29323600
13.10000000	-0.02285175	0.30880530	2.34920900	-0.03669674	0.69441770	2.35376900	0.15109370	0.57583270	2.37584000	0.32544090	0.32496390	2.35092700	0.47099440	0.13966590	2.29278800
13.13333000	-0.02289937	0.30748390	2.34900500	-0.03668194	0.69425490	2.35384300	0.14888890	0.57430650	2.37484500	0.31316170	0.31522910	2.35133300	0.44306940	0.11759230	2.29814600
13.16667000	-0.02318917	0.30589540	2.34867800	-0.03707423	0.69367180	2.35408000	0.14663970	0.57316330	2.37332000	0.29504280	0.30091470	2.35187500	0.41233380	0.09494704	2.30184900
13.20000000	-0.02313426	0.30533600	2.34865400	-0.03661833	0.69344120	2.35459100	0.14615550	0.57293540	2.37339600	0.28210230	0.29292080	2.35413700	0.38424520	0.07849146	2.30741200
13.23333000	-0.02300648	0.30504410	2.34856300	-0.03582271	0.69328000	2.35491600	0.14547940	0.57319640	2.37364300	0.26867370	0.28658500	2.35541300	0.35118180	0.06371206	2.30957400
13.26667000	-0.02250486	0.30450780	2.34863000	-0.03384106	0.69239710	2.35596000	0.14489710	0.57305080	2.37393300	0.24874800	0.28427250	2.35779000	0.32964850	0.06055842	2.31366300
13.30000000	-0.02244034	0.30395110	2.34860100	-0.03353333	0.69233170	2.35613300	0.14406520	0.57350940	2.37419000	0.24045780	0.28338330	2.36004100	0.30200680	0.05330992	2.31803800
13.33333000	-0.02209237	0.30320070	2.34859100	-0.03231640	0.69228110	2.35616800	0.14347730	0.57349050	2.37406800	0.23002060	0.28108960	2.36202600	0.28437610	0.04922853	2.31974800
13.36667000	-0.02132152	0.30212360	2.34859200	-0.03080911	0.69238870	2.35658300	0.14304040	0.57350700	2.37404500	0.22014750	0.28093140	2.36199700	0.26108330	0.04634964	2.31942700
13.40000000	-0.01999899	0.30110100	2.34892000	-0.02893150	0.69265800	2.35745800	0.14232060	0.57338800	2.37373900	0.21363920	0.28650560	2.36201000	0.24807020	0.05081467	2.31993200
13.43333000	-0.01917418	0.30035900	2.34911800	-0.02854347	0.69254280	2.35769100	0.14150220	0.57274600	2.37349200	0.20898030	0.29079640	2.36202400	0.24121090	0.05323730	2.31968800
13.46667000	-0.01828623	0.30009230	2.34931900	-0.02797168	0.69269130	2.35793600	0.14149130	0.57272420	2.37351700	0.20674660	0.29286490	2.36169400	0.23370590	0.05619369	2.31707300
13.50000000	-0.01772101	0.29971170	2.34944800	-0.02712851	0.69289390	2.35852300	0.14092530	0.57273010	2.37365200	0.20463390	0.29433750	2.36102000	0.23276360	0.05526434	2.31606800
13.53333000	-0.01740809	0.29938910	2.34949300	-0.02677152	0.69214100	2.35878900	0.14068290	0.57273300	2.37376600	0.20327630	0.29561150	2.35934800	0.23419840	0.05397313	2.31386100
13.56667000	-0.01741860	0.29922910	2.34943900	-0.02669827	0.69200460	2.35886500	0.14043690	0.57200650	2.37401800	0.20272230	0.29004280	2.35467800	0.24270070	0.05448844	2.30748700
13.60000000	-0.01754680	0.29923390	2.34938900	-0.02682694	0.69219630	2.35901000	0.13956600	0.57141300	2.37373400	0.20751200	0.28187720	2.35039500	0.26372730	0.05170327	2.29896600
13.63333000	-0.01813603	0.29889470	2.34924100	-0.02704878	0.69197230	2.35940400	0.13865310	0.57065000	2.37343600	0.21608300	0.27905660	2.34693900	0.28832300	0.05399138	2.29199200
13.66667000	-0.01880200	0.29865450	2.34899200	-0.02723872	0.69194210	2.35957400	0.13801690	0.56973810	2.37317300	0.22895220	0.27851650	2.34285600	0.33190940	0.06520412	2.27535200
13.70000000	-0.01921378	0.29867950	2.34892700	-0.02766998	0.69189770	2.35982400	0.13798970	0.56983810	2.37371200	0.25057870	0.28342130	2.34067900	0.35567340	0.07076018	2.26982500
13.73333000	-0.01957208	0.29862470	2.34890100	-0.02822911	0.69165020	2.36024200	0.13893930	0.56904220	2.37455500	0.27191360	0.28806580	2.33628500	0.40299800	0.09416002	2.26557900
13.76667000	-0.02008808	0.29874880	2.34894900	-0.02960593	0.69141540	2.36073800	0.13988300	0.56888650	2.37602100	0.28868960	0.30175510	2.33346800	0.43387740	0.11958990	2.26051200
13.80000000	-0.02052972	0.29885240	2.34897300	-0.03035127	0.69156150	2.36120100	0.14006590	0.56900570	2.37641200	0.32023100	0.31904710	2.33343100	0.47758360	0.14660430	2.26371700
13.83333000	-0.02143066	0.29900300	2.34915100	-0.03082142	0.69164080	2.36151600	0.14084980	0.56925770	2.37714000	0.34029050	0.33130230	2.33548900	0.51923480	0.18100180	2.26675500
13.86667000	-0.02192971	0.29932720	2.34923000	-0.03160576	0.69158610	2.36148300	0.14163150	0.57023660	2.37805400	0.37260610	0.34268780	2.33406500	0.57039620	0.21452280	2.27465100
13.90000000	-0.02292113	0.29993000	2.34932200	-0.03308251	0.69192030	2.36136500	0.14296270	0.57091950	2.37867000	0.37900440	0.37506030	2.34136600	0.58491580	0.25869720	2.28647800
13.93333000	-0.02385187	0.30088650	2.34935700	-0.03391974	0.69187350	2.36145300	0.14446360	0.57127170	2.37916900	0.38173070	0.39756530	2.34747800	0.60245950	0.31090370	2.29634700
13.96667000	-0.02464169	0.30103700	2.34940000	-0.03492510	0.69185280	2.36131500	0.14596230	0.57159170	2.37939500	0.39923930	0.42469670	2.35504600	0.62737310	0.35905640	2.30560200
14.00000000	-0.02515893	0.30175360	2.34952000	-0.03531753	0.69219030	2.36101500	0.14757440	0.57262280	2.37940300	0.41057490	0.44095180	2.35946100	0.64703630	0.40816740	2.32070800
14.03333000	-0.02528105	0.30215000	2.34953400	-0.03557219	0.69246100	2.36076400	0.14986530	0.57381550	2.37934700	0.43154790	0.47593940	2.36856600	0.66897330	0.45164180	2.32917600
14.06667000	-0.02520287	0.30305090	2.34943700	-0.03561504	0.69287030	2.35977800	0.15221630	0.57688760	2.37974200	0.43127650	0.49706820	2.37176900	0.67059330	0.49733990	2.33968600
14.10000000	-0.02514433	0.30375190	2.34954500	-0.03568584	0.69286920	2.35917100	0.15452310	0.57883120	2.37934500	0.43855790	0.52384130	2.37746700	0.67783290	0.52364770	2.34479900
14.13333000	-0.02482187	0.30529610	2.34968400	-0.03544010	0.69340630	2.35839000	0.15695810	0.58121090	2.37881800	0.44933090	0.54638310	2.38458400	0.68722200	0.57398590	2.35487500
14.16667000	-0.02421644	0.30651580	2.35000000	-0.03486139	0.69413940	2.35760500	0.15896240	0.58491890	2.37846600	0.45643840	0.56754570	2.38793000	0.69356090	0.60243970	2.36140600
14.20000000	-0.02359482	0.30818100	2.35052800	-0.03430539	0.69453300	2.35702100	0.16122310	0.58877600	2.37823200	0.45991810	0.58980150	2.39443300	0.69559560	0.63445890	2.37249100
14.23333000	-0.02245300	0.31013630	2.35089700	-0.03308458	0.69488520	2.35601800	0.16297970	0.59138950	2.37795000	0.43024780	0.61268850	2.39834300	0.66727350	0.64980760	2.37841900
14.26667000	-0.02142426	0.31162300	2.35111900	-0.03195047	0.69578040	2.35469800	0.16403250	0.59326140	2.37715400	0.42957230	0.61732140	2.39954200	0.66270740	0.67413930	2.38326800
14.30000000	-0.02063028	0.31347100	2.35155000	-0.03070607	0.69661860	2.35401900	0.16522960	0.59456220	2.37678600	0.46838830	0.65212050	2.40768500	0.70296840	0.70256170	2.38874800
14.33333000	-0.01931519	0.31584360	2.35237500	-0.02961634	0.69716820	2.35373600	0.16970160	0.59961350	2.37843000	0.46771710	0.65348290	2.40812900	0.69588740	0.72777010	2.39785600
14.36667000	-0.01896648	0.31758940	2.35282100	-0.02916561	0.69796890	2.35346000	0.17118390	0.60219540	2.37873000	0.46638300	0.65773360	2.40884000	0.69195880	0.73945680	2.40071800
14.40000000	-0.01824478	0.31865860	2.35301700	-0.02788858	0.69858520	2.35307000	0.17170940	0.60427500	2.37870400	0.46491310	0.66187200	2.41031500	0.68814440	0.74986610	2.40159000
14.43333000	-0.01759821	0.31938700	2.35315400	-0.02758281	0.69860800	2.35265500	0.17200160	0.60544690	2.37879300	0.46080330	0.66434620	2.41112700	0.68093480	0.76001670	2.39781400
14.46667000	-0.01753256	0.31977420	2.35325700	-0.02754655	0.69850890	2.35236300	0.17229340	0.60603870	2.37905200	0.45991790	0.66468640	2.41154100	0.68136180	0.75730250	2.39723700
14.50000000	-0.01713293	0.32023900	2.35344300	-0.02731761	0.69853930	2.35215400	0.17295430	0.60638550	2.37956500	0.46029360	0.66460600	2.41158700	0.68346690	0.75298660	2.39641200
14.53333000	-0.01686256	0.32069720	2.35343800	-0.02719871	0.69864050	2.35167600	0.17277230	0.60662560	2.37977100	0.45940630	0.66107340	2.41109800	0.68706690	0.73712020	2.39380600
14.56667000	-0.01685765	0.32066650	2.35342300	-0.02733386	0.69858570	2.35140100	0.17178700	0.60640950	2.37979100	0.46087040	0.65353350	2.40948200	0.69513320	0.70477210	2.38409400
14.60000000	-0.01702582	0.32066010	2.35337500	-0.02754500	0.69861560	2.35094900	0.17113710	0.60607440	2.38004500	0.42487530	0.61738410	2.40246200	0.65600020	0.68189050	2.38211700
14.63333000	-0.01716395	0.32064830	2.35335200	-0.02747945	0.69845290	2.35089800	0.17073380	0.60579200	2.38097500	0.44919630	0.60715310	2.40173800	0.68525490	0.64894190	2.37530500
14.66667000	-0.01744456	0.32055700	2.35322700	-0.02818467	0.69750540	2.35010100	0.16972260	0.60447120	2.38188700	0.45007430	0.58702210	2.40004300	0.68790820	0.61329000	2.36667400
14.70000000	-0.01783043	0.31991650	2.35296100	-0.02868849	0.69675690	2.34966900	0.16864930	0.60325910	2.38279800	0.44523390	0.56220810	2.39681900	0.68421210	0.57684990	2.36546300
14.73333000	-0.01821651	0.31967340	2.35273200	-0.02923991	0.69648080	2.34934200	0.16705880	0.60176040	2.38324300	0.43960280	0.53010200	2.39291100	0.67804180	0.51820920	2.35365500
14.76667000	-0.01896734	0.31830650	2.35230000	-0.02965196	0.69645630	2.34941000	0.16318100	0.59702460	2.38312600	0.43226650	0.50014500	2.38982200	0.66980540	0.47621650	2.35062900
14.80000000	-0.01961619	0.31686460	2.35155500	-0.03049588	0.69644930	2.34936900	0.16073590	0.59266510	2.38259000	0.41957750	0.47294100	2.38495200	0.65182300	0.41678910	2.34775500
14.83333000	-0.02042793	0.31511000	2.35112000	-0.03134026	0.69632200	2.34933600	0.15983280	0.58926710	2.38207000	0.41158700	0.44686230	2.38011900	0.63474300	0.36313120	2.33739200
14.86667000	-0.02112914	0.31242590	2.35021100	-0.03203385	0.69596090	2.34927300	0.15660200	0.58331470	2.37951600	0.39180790	0.42476050	2.37750400	0.60474650	0.31713800	2.33694700
14.90000000	-0.02142413	0.31130300	2.35008500	-0.03209176	0.69598720	2.34932800	0.15533840	0.58231780	2.37939900	0.38541240	0.39337730	2.37125700	0.59097980	0.27292340	2.32777400
14.93333000	-0.02143651	0.31015450	2.34977700	-0.03202614	0.69596940	2.34956500	0.15488610	0.58155810	2.37945500	0.38586710	0.35842610	2.36745000	0.57380130	0.21331840	2.31770900
14.96667000	-0.02157989	0.30925500	2.34937700	-0.03209874	0.69576510	2.34958000	0.15377810	0.57991830	2.37928500	0.36357390	0.34354280	2.36537100	0.53641430	0.18006690	2.31881600
15.00000000	-0.02193668	0.30795810	2.34897700	-0.03220724	0.69497500	2.34958200	0.15186090	0.57702060	2.37856600	0.33829810	0.33007120	2.36324000	0.48901380	0.14669460	2.31282400
15.03333000	-0.02202700	0.30644210	2.34851700	-0.03258192	0.69417840	2.34956400	0.15070480	0.57603280	2.37852200	0.32057220	0.31734200	2.36185600	0.45427820	0.12176230	2.30849500
15.06667000	-0.02222489	0.30542110	2.34831700	-0.03253721	0.69399140	2.34987200	0.14921040	0.57474240	2.37749900	0.29967240	0.29851410	2.36039300	0.41978990	0.09307839	2.30719900
15.10000000	-0.02210578	0.30458690	2.34798400	-0.03265769	0.69365790	2.35014000	0.14653290	0.57323270	2.37564900	0.28105740	0.28606340	2.35927400	0.38516200	0.07226828	2.31143300
15.13333000	-0.02164714	0.30343970	2.34755800	-0.03244534	0.69345240	2.35038300	0.14359590	0.57026890	2.37241100	0.26881830	0.28075640	2.36035000	0.35195230	0.05763228	2.31468400
15.16667000	-0.02162734	0.30248120	2.34749100	-0.03194865	0.69328250	2.35083100	0.14206340	0.56998070	2.37156200	0.24755820	0.28069270	2.36122700	0.31820080	0.05260152	2.32108800
15.20000000	-0.02148462	0.30163690	2.34740800	-0.03173939	0.69328710	2.35149400	0.14180090	0.56955220	2.37112100	0.23675330	0.28001560	2.36227300	0.29567090	0.04832318	2.32484200
15.23333000	-0.02104091	0.30058100	2.34724300	-0.03136775	0.69305390	2.35184400	0.14114460	0.56921430	2.37041100	0.22884300	0.27649100	2.36167800	0.26972210	0.04069141	2.32690000
15.26667000	-0.02020818	0.29949410	2.34719300	-0.03130261	0.69300590	2.35189600	0.13932270	0.56902000	2.36884500	0.21690690	0.27966640	2.36081100	0.25612450	0.04345869	2.32746400
15.30000000	-0.01956289	0.29854110	2.34730900	-0.03091160	0.69251060	2.35194600	0.13919700	0.56927830	2.36885600	0.20807540	0.29130380	2.36129100	0.24275410	0.05210328	2.32700100
15.33333000	-0.01844084	0.29741230	2.34756900	-0.03030877	0.69198440	2.35230500	0.13842250	0.56928250	2.36850500	0.20584180	0.29332660	2.36198100	0.23401740	0.05584504	2.32523700
15.36667000	-0.01814125	0.29722650	2.34761600	-0.02968133	0.69160180	2.35264300	0.13839640	0.56925770	2.36848000	0.20482710	0.29365480	2.36184600	0.23051400	0.05601013	2.32388800
15.40000000	-0.01760822	0.29713000	2.34777600	-0.02844242	0.69174670	2.35295800	0.13845740	0.56932510	2.36857000	0.20444530	0.29406590	2.36194700	0.22908140	0.05643046	2.32282100
15.43333000	-0.01740082	0.29687910	2.34776800	-0.02837478	0.69172590	2.35294800	0.13831920	0.56915170	2.36843800	0.20383060	0.28939720	2.36024400	0.23086700	0.05201946	2.32114700
15.46667000	-0.01735546	0.29649230	2.34776100	-0.02772957	0.69150140	2.35312800	0.13830520	0.56910780	2.36842800	0.20345470	0.28692250	2.35800300	0.23781210	0.05051634	2.31866900
15.50000000	-0.01729384	0.29646180	2.34774900	-0.02726853	0.69140920	2.35322100	0.13828770	0.56910970	2.36850500	0.20609110	0.28297640	2.35583200	0.24974860	0.04837562	2.31406000
15.53333000	-0.01752906	0.29612460	2.34759500	-0.02727691	0.69131720	2.35331600	0.13817780	0.56884060	2.36854900	0.21005390	0.28201940	2.35446700	0.27417960	0.05279686	2.30779700
15.56667000	-0.01773042	0.29611930	2.34754200	-0.02712361	0.69139440	2.35340100	0.13817060	0.56881110	2.36877800	0.21808390	0.28047620	2.35231600	0.29651880	0.05703098	2.29763600
15.60000000	-0.01826441	0.29618940	2.34728100	-0.02714191	0.69139080	2.35339300	0.13837900	0.56803110	2.36907400	0.23582020	0.27644430	2.34935100	0.33379700	0.06170106	2.28645800
15.63333000	-0.01894736	0.29632230	2.34707100	-0.02729118	0.69114540	2.35320800	0.13940250	0.56732860	2.37031300	0.25372520	0.27911100	2.34660600	0.36850310	0.07040933	2.27932100
15.66667000	-0.01938742	0.29643000	2.34703300	-0.02733709	0.69110100	2.35326300	0.13985680	0.56716110	2.37097700	0.27113070	0.28620320	2.34474300	0.39848960	0.08730990	2.27297600
15.70000000	-0.02009727	0.29687900	2.34710000	-0.02738502	0.69113150	2.35340900	0.14086810	0.56758360	2.37249700	0.29215950	0.29663130	2.34137800	0.43823480	0.11394830	2.27198400
15.73333000	-0.02088441	0.29712040	2.34712900	-0.02800152	0.69106710	2.35355900	0.14181990	0.56773440	2.37435700	0.31146600	0.30937310	2.34167900	0.47095450	0.13820410	2.27244100
15.76667000	-0.02130750	0.29736590	2.34696100	-0.02877166	0.69103220	2.35355500	0.14237690	0.56761800	2.37523400	0.33488860	0.32566760	2.34223500	0.50990250	0.16807480	2.28005600
15.80000000	-0.02154084	0.29744750	2.34695300	-0.02888948	0.69098060	2.35359500	0.14282430	0.56778260	2.37564800	0.35071780	0.33621870	2.34495600	0.55089310	0.21128560	2.28498700
15.83333000	-0.02192510	0.29763530	2.34681400	-0.02925013	0.69088950	2.35348500	0.14393690	0.56791970	2.37645400	0.37650760	0.35937110	2.34841600	0.58308260	0.24382680	2.29232500
15.86667000	-0.02247147	0.29847550	2.34674600	-0.02955219	0.69101530	2.35336700	0.14519160	0.56888260	2.37757500	0.38004370	0.38269080	2.35265500	0.59728880	0.28676040	2.30128900
15.90000000	-0.02303202	0.29930270	2.34676600	-0.03057162	0.69101470	2.35320700	0.14664580	0.56994480	2.37882600	0.38377370	0.41003610	2.35959600	0.60838670	0.33148780	2.31139500
15.93333000	-0.02318862	0.29990110	2.34681300	-0.03059972	0.69102700	2.35318200	0.14844690	0.57063630	2.37965800	0.40351880	0.43335590	2.36605200	0.62905490	0.35789670	2.31696200
15.96667000	-0.02305456	0.30027750	2.34693600	-0.03061348	0.69101300	2.35317600	0.15083560	0.57168610	2.38003100	0.41175520	0.44793540	2.37174000	0.64889650	0.41748400	2.33286200
16.00000000	-0.02298855	0.30179660	2.34733300	-0.03061740	0.69120630	2.35316000	0.15510950	0.57335230	2.38145200	0.43328830	0.47802210	2.38035600	0.66964280	0.44603830	2.33630300
16.03333000	-0.02272002	0.30420060	2.34777400	-0.03056668	0.69131510	2.35310100	0.15968050	0.57595710	2.38318800	0.43556820	0.49592390	2.38341000	0.67471530	0.50669770	2.34763800
16.06667000	-0.02244064	0.30513050	2.34803200	-0.03047965	0.69152830	2.35295200	0.16109070	0.57768250	2.38394400	0.44763780	0.52307410	2.39095000	0.68672900	0.52587750	2.35217000
16.10000000	-0.02122716	0.30761120	2.34891900	-0.03044824	0.69186340	2.35298000	0.16315410	0.58136090	2.38501400	0.45072130	0.54364440	2.39546300	0.68846350	0.57393490	2.36295200
16.13333000	-0.02033979	0.30931480	2.34968800	-0.02964688	0.69287000	2.35256400	0.16557390	0.58495810	2.38586900	0.45265700	0.56159940	2.40029100	0.69034250	0.59005060	2.36433400
16.16667000	-0.01956345	0.31052170	2.35029200	-0.02955229	0.69282030	2.35241600	0.16819550	0.58732300	2.38647200	0.45950910	0.58371730	2.40462100	0.69589400	0.62427600	2.37452100
16.20000000	-0.01913340	0.31126230	2.35072100	-0.02945390	0.69301120	2.35239100	0.16958660	0.58903450	2.38643000	0.46121900	0.59897470	2.40817700	0.69656010	0.64558770	2.37917400
16.23333000	-0.01871450	0.31193820	2.35105400	-0.02883216	0.69362090	2.35193800	0.17022190	0.59051480	2.38669000	0.46156400	0.61210810	2.41041100	0.69598630	0.66364100	2.38319000
16.26667000	-0.01840595	0.31248920	2.35150400	-0.02854338	0.69352520	2.35165700	0.17097290	0.59288380	2.38624800	0.43805260	0.62633750	2.41193800	0.67302390	0.67614810	2.38879200
16.30000000	-0.01767353	0.31345330	2.35201300	-0.02841661	0.69355570	2.35159500	0.17163650	0.59487520	2.38636100	0.46312310	0.64340230	2.41648400	0.69747020	0.69594940	2.39242300
16.33333000	-0.01688553	0.31456370	2.35260500	-0.02768769	0.69360650	2.35166800	0.17382120	0.59763630	2.38744400	0.46323570	0.64705570	2.41705000	0.68942940	0.72835090	2.40384200
16.36667000	-0.01650067	0.31539050	2.35308700	-0.02694223	0.69398550	2.35170200	0.17369820	0.59868560	2.38737000	0.46311740	0.65118310	2.41740500	0.68930890	0.73249870	2.40452000
16.40000000	-0.01611739	0.31610660	2.35354600	-0.02588224	0.69441340	2.35196800	0.17402810	0.59977450	2.38772000	0.44300850	0.65437140	2.41660900	0.67197070	0.72746350	2.40511700
16.43333000	-0.01569265	0.31686650	2.35391900	-0.02508515	0.69460120	2.35187900	0.17413270	0.60063460	2.38804500	0.45278380	0.65894440	2.41736700	0.67502440	0.75047170	2.40010200
16.46667000	-0.01575483	0.31692410	2.35400300	-0.02510753	0.69460920	2.35187500	0.17370050	0.60134130	2.38820800	0.45356150	0.65872320	2.41771000	0.67559310	0.75074880	2.40006000
16.50000000	-0.01592373	0.31727280	2.35437900	-0.02503810	0.69474270	2.35203900	0.17362370	0.60193350	2.38898600	0.45661990	0.65679210	2.41863500	0.68874570	0.71911140	2.40064800
16.53333000	-0.01604883	0.31723320	2.35441400	-0.02506524	0.69475730	2.35201500	0.17314240	0.60217630	2.38929300	0.45986060	0.64954070	2.41906900	0.69377330	0.70443120	2.39732600
16.56667000	-0.01633159	0.31710330	2.35456800	-0.02528901	0.69478860	2.35208600	0.17235810	0.60222290	2.38978600	0.45508900	0.63444420	2.41746900	0.68892440	0.68935920	2.39367500
16.60000000	-0.01680762	0.31704630	2.35477600	-0.02635853	0.69488420	2.35222300	0.17178170	0.60232520	2.39034900	0.45225780	0.61827140	2.41525100	0.68830230	0.66247360	2.39028700
16.63333000	-0.01712003	0.31697920	2.35491700	-0.02658421	0.69492900	2.35246500	0.17126380	0.60168830	2.39123400	0.45001760	0.59809110	2.41221800	0.68862140	0.62397750	2.38441800
16.66667000	-0.01786825	0.31657000	2.35510100	-0.02855809	0.69532540	2.35333100	0.16962210	0.59954380	2.39183100	0.44898810	0.57288540	2.40930800	0.68690500	0.60373600	2.37992800
16.70000000	-0.01814495	0.31617210	2.35512200	-0.02890592	0.69532450	2.35350600	0.16854780	0.59742270	2.39255900	0.44575760	0.55018450	2.40693100	0.68497850	0.55157750	2.36901800
16.73333000	-0.01853858	0.31594090	2.35516300	-0.02918696	0.69566650	2.35384300	0.16698430	0.59520230	2.39327300	0.43425670	0.51865760	2.40136500	0.67309390	0.50697540	2.36247500
16.76667000	-0.01978225	0.31424490	2.35506300	-0.03045556	0.69533090	2.35436000	0.16460320	0.59216590	2.39352300	0.43106380	0.49583600	2.39606200	0.66443770	0.44830360	2.34914500
16.80000000	-0.02031834	0.31288540	2.35507800	-0.03117778	0.69524490	2.35474800	0.16220710	0.58776200	2.39254400	0.41889850	0.46551440	2.39043400	0.65153930	0.41234420	2.34723400
16.83333000	-0.02047957	0.31261180	2.35507300	-0.03162024	0.69547690	2.35542400	0.16134790	0.58684890	2.39267400	0.40077110	0.44998710	2.38546200	0.62369480	0.36556680	2.34018500
16.86667000	-0.02129588	0.31153410	2.35509400	-0.03290799	0.69485570	2.35597200	0.16016940	0.58454330	2.39225800	0.39015030	0.42681660	2.38151600	0.60557800	0.32516730	2.33501400
16.90000000	-0.02169862	0.31070260	2.35527300	-0.03300549	0.69493220	2.35614800	0.15886240	0.58290830	2.39168200	0.38375870	0.40441100	2.37394300	0.60304730	0.26746500	2.32144400
16.93333000	-0.02192379	0.30997640	2.35529400	-0.03331222	0.69516330	2.35623600	0.15735050	0.58093440	2.39129600	0.38534300	0.37185120	2.36722000	0.57986160	0.23465430	2.31940100
16.96667000	-0.02217859	0.30869450	2.35516900	-0.03347064	0.69514830	2.35625300	0.15592350	0.57896520	2.39068300	0.37061150	0.35393480	2.36635500	0.56216770	0.21301600	2.31685500
17.00000000	-0.02241474	0.30697470	2.35524500	-0.03340112	0.69515420	2.35667900	0.15408790	0.57695310	2.39011400	0.35295620	0.34039130	2.36422400	0.51943550	0.17032960	2.31586900
17.03333000	-0.02238801	0.30639440	2.35530000	-0.03321425	0.69504930	2.35712200	0.15181530	0.57549860	2.38926300	0.33313340	0.32675800	2.36235600	0.48912900	0.14738440	2.31210200
17.06667000	-0.02237593	0.30514240	2.35511800	-0.03321943	0.69505420	2.35714000	0.15088020	0.57415910	2.38846300	0.31798680	0.31170060	2.35904900	0.45574870	0.11830150	2.30696500
17.10000000	-0.02225741	0.30399550	2.35502800	-0.03302056	0.69502310	2.35749600	0.14808850	0.57154850	2.38647000	0.30367050	0.30313410	2.36067900	0.42994200	0.10106090	2.30670700
17.13333000	-0.02192736	0.30132740	2.35499900	-0.03234341	0.69433490	2.35838800	0.14547390	0.56925230	2.38394400	0.28694540	0.29342390	2.35974000	0.39859560	0.07992384	2.31194000
17.16667000	-0.02175706	0.30073310	2.35498500	-0.03182230	0.69365920	2.35827600	0.14500330	0.56894420	2.38334500	0.27279270	0.28923760	2.36017900	0.37411960	0.07114273	2.31588300
17.20000000	-0.02142147	0.29953620	2.35497400	-0.03003239	0.69241340	2.35915300	0.14395520	0.56793280	2.38179100	0.25958500	0.28176270	2.36333900	0.34752250	0.05997349	2.31891400
17.23333000	-0.02103934	0.29902200	2.35498500	-0.02963896	0.69217090	2.35940400	0.14355270	0.56714300	2.38112600	0.24911010	0.27922260	2.36421600	0.31888010	0.05072196	2.32243500
17.26667000	-0.02056324	0.29862040	2.35512600	-0.02858876	0.69194290	2.36008000	0.14332280	0.56725360	2.38096600	0.23785160	0.27888440	2.36608000	0.30378400	0.04897402	2.32661000
17.30000000	-0.02018590	0.29815410	2.35512800	-0.02744800	0.69147590	2.36029600	0.14284910	0.56759930	2.38050400	0.22995240	0.27762820	2.36592600	0.28423180	0.04444088	2.32880900
17.33333000	-0.01984669	0.29782050	2.35515400	-0.02623416	0.69117510	2.36056200	0.14258760	0.56767080	2.38035700	0.22500610	0.27736240	2.36585900	0.27361090	0.04263012	2.33194500
17.36667000	-0.01934861	0.29679480	2.35519100	-0.02575512	0.69052070	2.36071200	0.14252850	0.56651210	2.37977100	0.21931470	0.27638410	2.36594600	0.26557920	0.04140550	2.32937500
17.40000000	-0.01885579	0.29635050	2.35512000	-0.02549005	0.69035300	2.36071600	0.14216880	0.56638690	2.37941200	0.21670900	0.27692270	2.36616600	0.25987430	0.04143262	2.32870400
17.43333000	-0.01870067	0.29622990	2.35513400	-0.02529441	0.69022560	2.36071400	0.14220120	0.56632080	2.37958500	0.21448490	0.27737320	2.36629500	0.25687040	0.04185380	2.32764000
17.46667000	-0.01859525	0.29607470	2.35519500	-0.02525104	0.69023560	2.36076200	0.14223310	0.56609800	2.37942900	0.21364810	0.27647640	2.36633800	0.25688380	0.04113121	2.32741700
17.50000000	-0.01862267	0.29596920	2.35523000	-0.02487709	0.69027800	2.36117600	0.14237610	0.56604070	2.37946200	0.21276610	0.27631250	2.36597500	0.25694640	0.04111831	2.32721800
17.53333000	-0.01863799	0.29579080	2.35527000	-0.02485433	0.69028210	2.36124700	0.14237810	0.56602930	2.37946000	0.21270450	0.27626760	2.36580100	0.25781050	0.04127133	2.32675600
17.56667000	-0.01863054	0.29577600	2.35527900	-0.02486355	0.69026000	2.36131000	0.14240440	0.56604000	2.37946000	0.21266530	0.27715630	2.36520400	0.25841300	0.04239571	2.32504800
17.60000000	-0.01866638	0.29553790	2.35516700	-0.02483916	0.69018630	2.36124400	0.14250510	0.56576620	2.37942300	0.21278530	0.27738700	2.36492600	0.25908120	0.04285093	2.32366100
17.63333000	-0.01869188	0.29554050	2.35512300	-0.02487827	0.69014270	2.36121400	0.14254370	0.56576930	2.37947800	0.21220300	0.27878590	2.36409000	0.26049490	0.04484224	2.32116600
17.66667000	-0.01865779	0.29546190	2.35511100	-0.02452462	0.69015870	2.36150800	0.14260080	0.56582100	2.37942300	0.21229270	0.27860850	2.36371800	0.26172170	0.04504286	2.31961400
17.70000000	-0.01862453	0.29544730	2.35510600	-0.02447455	0.69011630	2.36151300	0.14261840	0.56583570	2.37941100	0.21279340	0.27831050	2.36235500	0.26223440	0.04468003	2.31873800
17.73333000	-0.01848014	0.29514560	2.35502100	-0.02432530	0.68989400	2.36147700	0.14253330	0.56593200	2.37935600	0.21146630	0.27949710	2.36045400	0.26254360	0.04607269	2.31799100
17.76667000	-0.01842856	0.29515040	2.35502500	-0.02433825	0.68986710	2.36146800	0.14262340	0.56613180	2.37944300	0.21154340	0.27939980	2.35982100	0.26279230	0.04603763	2.31710800
17.80000000	-0.01830936	0.29512920	2.35497100	-0.02434928	0.68992690	2.36146500	0.14206440	0.56653010	2.37922000	0.21164300	0.27976580	2.35953200	0.26292470	0.04654481	2.31568900
17.83333000	-0.01830278	0.29504420	2.35491600	-0.02436904	0.68979630	2.36144900	0.14200050	0.56652330	2.37914100	0.21147250	0.28015800	2.35884400	0.26319810	0.04701026	2.31515600
17.86667000	-0.01819045	0.29482710	2.35485700	-0.02434236	0.68976520	2.36147400	0.14193890	0.56639090	2.37889600	0.21155680	0.28015370	2.35864400	0.26361630	0.04707167	2.31498200
